Avg_MHz	Busy%	Bzy_MHz	TSC_MHz	IPC	IRQ	POLL	C1	C2	POLL%	C1%	C2%	CorWatt	PkgWatt
8	0.34	2294	3003	0.56	2420	0	21	2286	0.00	0.03	99.73	0.37	89.02
11	0.45	2479	3000	0.53	3733	2	34	3615	0.00	0.00	99.56	0.72	93.93
6	0.28	2087	2998	0.48	2600	0	17	2325	0.00	0.01	99.65	0.28	86.51
5	0.22	2105	3000	0.36	1790	0	8	1738	0.00	0.01	99.79	0.16	82.89
5	0.26	1966	3000	0.52	1696	0	6	1625	0.00	0.00	99.76	0.18	81.59
8	0.35	2214	3000	0.59	2230	1	46	2101	0.00	0.07	99.58	0.37	88.47
7	0.31	2181	3001	0.45	2125	0	10	2069	0.00	0.00	99.75	0.28	82.30
9	0.40	2241	2999	0.54	3662	1	40	3427	0.00	0.01	99.57	0.57	93.40
5	0.26	1986	3001	0.39	2104	1	9	2017	0.00	0.01	99.77	0.17	83.42
5	0.23	1986	3000	0.45	1717	0	11	1657	0.00	0.00	99.79	0.16	81.23
3	0.18	1827	2999	0.58	1431	0	4	1432	0.00	0.00	99.80	0.13	80.81
3	0.17	2048	3000	0.37	1534	0	3	1423	0.00	0.00	99.85	0.12	81.02
11	0.49	2196	2999	0.57	3958	0	25	3692	0.00	0.02	99.46	0.63	94.06
4	0.21	2084	3001	0.37	1751	0	6	1703	0.00	0.00	99.84	0.14	81.69
5	0.25	1991	3000	0.46	1839	0	11	1771	0.00	0.04	99.72	0.14	82.60
4	0.20	2099	3000	0.43	1466	0	1	1420	0.00	0.00	99.82	0.14	81.78
6	0.28	1967	3000	0.44	1798	0	4	1646	0.00	0.00	99.72	0.18	84.21
