Avg_MHz	Busy%	Bzy_MHz	TSC_MHz	IPC	IRQ	POLL	C1	C2	POLL%	C1%	C2%	CorWatt	PkgWatt
922	25.21	3657	3002	2.01	25637	0	4	2062	0.00	0.00	74.86	76.63	205.78
922	25.22	3655	3002	1.99	6453	0	1	1962	0.00	0.00	74.83	76.21	205.38
938	25.46	3684	3031	2.05	6557	0	13	1916	0.00	0.05	75.27	77.41	211.59
901	24.92	3616	2969	1.94	6415	0	21	2032	0.00	0.08	74.24	73.92	199.62
918	25.16	3648	3000	1.97	6215	0	0	1892	0.00	0.00	74.85	75.50	205.98
919	25.16	3651	2999	2.06	6430	0	3	2008	0.00	0.00	74.84	77.84	206.55
924	25.24	3660	3009	2.03	8179	0	5	1969	0.00	0.00	75.01	77.42	207.32
915	25.10	3645	2991	1.85	7473	0	6	2087	0.00	0.00	74.68	72.64	201.18
919	25.16	3652	3000	2.01	17625	0	1	1799	0.00	0.00	74.86	76.10	205.40
918	25.16	3648	3000	1.99	6375	0	5	1833	0.00	0.01	74.85	75.69	205.32
942	25.48	3695	3040	2.05	10408	0	1	1791	0.00	0.00	75.52	78.08	212.76
897	24.87	3607	2962	1.86	8388	0	2	2041	0.00	0.00	74.20	71.35	194.60
945	25.51	3705	3042	1.99	11918	0	0	1786	0.00	0.00	75.56	76.46	211.04
895	24.85	3600	2960	1.94	6215	0	7	2020	0.00	0.00	74.17	72.73	195.67
920	25.17	3657	3000	1.90	19030	0	1	2041	0.00	0.00	74.86	73.99	203.43
926	25.39	3646	2999	2.02	7496	1	41	3641	0.00	0.07	74.54	78.25	208.98
940	25.47	3692	3033	2.04	7490	0	14	2093	0.00	0.06	75.31	77.91	213.11
901	24.99	3605	2969	1.90	6810	0	14	2600	0.00	0.02	74.25	72.60	196.95
918	25.16	3648	3000	1.96	6452	0	20	1944	0.00	0.02	74.83	75.15	204.42
921	25.22	3654	2999	1.94	63830	0	4	2120	0.00	0.00	74.78	75.50	204.85
924	25.42	3636	3000	2.01	8471	2	51	3899	0.00	0.05	74.55	77.04	208.35
922	25.27	3649	3001	1.98	161956	0	6	2016	0.00	0.00	74.76	76.20	206.38
938	25.50	3678	3031	2.04	6536	0	4	1933	0.00	0.01	75.28	77.15	210.73
922	25.27	3651	3008	2.05	24894	0	5	2026	0.00	0.00	74.94	77.80	207.19
895	24.87	3597	2962	1.97	6171	0	6	1970	0.00	0.00	74.20	73.47	198.03
921	25.16	3660	3000	1.91	6464	0	23	2028	0.00	0.08	74.78	74.81	201.96
919	25.18	3652	3000	1.96	6385	0	2	1945	0.00	0.00	74.84	75.06	203.98
936	25.44	3680	3032	2.08	7282	0	4	1858	0.00	0.01	75.36	77.88	212.07
914	25.11	3639	2993	2.04	6235	0	0	1896	0.00	0.00	74.73	77.04	202.41
905	24.97	3626	2976	1.88	6315	0	9	2106	0.00	0.01	74.44	72.55	197.47
918	25.19	3643	3000	1.95	6696	0	2	2213	0.00	0.00	74.84	74.26	203.91
920	25.15	3659	3000	2.04	6261	0	6	1829	0.00	0.01	74.84	77.95	205.95
942	25.48	3698	3039	2.05	7914	0	5	1781	0.00	0.00	75.49	78.29	213.20
900	24.92	3610	2968	1.87	7015	0	5	2168	0.00	0.00	74.30	72.14	196.95
913	25.09	3641	2995	2.04	6292	0	2	1892	0.00	0.00	74.81	76.93	205.64
919	25.20	3647	3002	1.97	6430	0	3	2051	0.00	0.00	74.85	74.63	204.38
912	25.05	3639	2998	2.03	8290	0	2	1941	0.00	0.00	74.92	76.07	205.47
920	25.17	3654	3000	2.01	6501	0	4	1910	0.00	0.00	74.84	77.68	206.34
912	24.93	3657	3000	2.02	6459	0	3	1881	0.00	0.00	75.08	76.66	205.29
941	25.46	3695	3036	2.04	6511	0	3	1828	0.00	0.00	75.45	78.14	212.73
898	24.89	3608	2966	1.90	6329	1	3	1930	0.00	0.00	74.26	72.67	197.59
918	25.16	3650	3000	1.96	6585	0	3	1907	0.00	0.00	74.86	75.69	205.72
919	25.16	3653	3000	1.98	6332	0	1	1912	0.00	0.00	74.86	76.16	205.53
940	25.47	3690	3038	2.05	6197	0	4	1770	0.00	0.00	75.49	77.50	212.36
901	24.96	3608	2969	1.95	6492	0	5	2127	0.00	0.00	74.29	73.90	199.86
915	25.13	3641	2994	1.97	6589	1	2	1932	0.00	0.00	74.74	75.14	203.84
920	25.20	3652	3006	2.07	6351	0	22	1857	0.00	0.04	74.90	77.89	207.70
918	25.12	3654	2994	1.70	8879	0	8	2004	0.00	0.01	74.75	68.79	197.41
931	25.34	3674	3022	2.02	6407	0	23	1828	0.00	0.05	75.16	76.63	208.30
906	25.00	3624	2979	1.95	6624	0	11	2169	0.00	0.05	74.44	74.27	200.64
919	25.16	3653	3000	1.94	10101	0	2	1831	0.00	0.00	74.86	74.80	203.60
918	25.15	3651	3000	1.97	7780	1	2	1947	0.00	0.00	74.85	75.81	204.78
944	25.54	3697	3041	2.02	57020	0	11	1923	0.00	0.05	75.43	76.94	211.56
914	25.48	3586	2962	1.87	22575	6	343	9465	0.00	0.08	73.53	73.66	200.74
948	25.67	3695	3041	1.94	31227	0	18	2623	0.00	0.06	75.32	76.02	211.94
920	25.21	3648	2999	1.93	16307	0	5	2201	0.00	0.00	74.80	74.55	203.78
918	25.17	3648	3001	1.99	9845	0	1	1917	0.00	0.00	74.86	76.51	208.02
918	25.20	3643	3000	2.09	8289	0	11	2051	0.00	0.01	74.81	76.87	206.06
926	25.47	3637	2999	1.85	10434	2	37	3767	0.00	0.01	74.52	74.18	205.57
923	25.31	3645	3000	2.00	13057	0	19	2510	0.00	0.02	74.68	75.74	204.86
926	25.48	3635	3001	1.99	9963	0	66	3790	0.00	0.04	74.52	77.42	209.64
919	25.18	3650	2999	1.91	17322	0	14	2089	0.00	0.02	74.80	74.88	203.54
919	25.20	3646	3001	2.04	8257	0	7	2131	0.00	0.01	74.83	75.97	207.22
927	25.49	3638	3001	1.97	8739	0	40	4276	0.00	0.06	74.51	77.39	208.84
932	25.55	3647	3000	1.86	21026	1	75	5854	0.00	0.01	74.47	74.21	205.41
929	25.52	3641	2999	2.07	15188	1	186	5774	0.00	0.05	74.42	78.94	210.93
923	25.30	3649	3000	1.94	8763	0	11	2695	0.00	0.01	74.70	76.20	207.01
929	25.49	3647	3000	1.91	16012	3	297	5890	0.00	0.04	74.50	74.10	204.65
930	25.54	3640	3001	1.90	9956	0	17	4213	0.00	0.00	74.52	75.93	209.56
923	25.32	3646	2997	1.99	7999	0	15	2770	0.00	0.00	74.63	75.57	205.65
920	25.23	3647	3002	2.02	6878	0	2	2512	0.00	0.00	74.84	77.32	207.85
921	25.16	3659	2998	1.86	13574	0	12	2063	0.00	0.00	74.81	72.70	200.29
920	25.22	3649	3002	1.94	9502	0	16	2281	0.00	0.02	74.82	75.17	205.57
923	25.30	3649	3000	1.96	17017	0	3	2486	0.00	0.00	74.73	75.90	206.10
921	25.34	3635	3000	2.04	18166	0	35	3630	0.00	0.02	74.65	76.96	209.18
921	25.19	3657	2999	1.90	17544	1	30	2081	0.00	0.05	74.77	73.40	201.05
919	25.18	3651	3001	2.02	15204	0	3	1905	0.00	0.00	74.85	77.38	207.89
920	25.16	3655	3000	1.90	7063	1	12	1807	0.00	0.00	74.85	74.78	204.21
918	25.17	3648	2999	2.01	13070	0	22	2162	0.00	0.04	74.79	75.22	204.59
920	25.23	3646	3000	2.01	11715	0	3	2048	0.00	0.00	74.79	77.35	206.66
925	25.47	3632	3001	1.96	12211	1	33	4162	0.00	0.01	74.56	76.56	211.49
918	25.18	3644	2998	2.01	8540	0	10	2073	0.00	0.00	74.78	76.96	206.52
925	25.52	3625	3002	2.04	15863	0	142	2982	0.00	0.06	74.49	76.45	207.31
923	25.34	3641	3000	1.96	18247	0	9	2939	0.00	0.01	74.66	76.18	206.16
928	25.41	3651	3000	1.95	242546	0	9	2686	0.00	0.00	74.62	75.33	205.84
924	25.49	3627	3000	2.06	15883	1	42	4309	0.00	0.01	74.51	78.05	211.47
920	25.17	3653	3000	1.82	16486	0	6	1926	0.00	0.00	74.83	72.82	204.13
929	25.46	3649	3001	2.04	24879	2	243	5457	0.00	0.04	74.56	77.52	207.35
924	25.30	3652	3000	1.91	9866	0	22	2441	0.00	0.08	74.64	75.70	204.32
921	25.21	3652	2999	1.98	15917	0	8	2316	0.00	0.01	74.78	77.07	206.28
925	25.43	3636	3000	1.99	21368	0	27	3828	0.00	0.01	74.58	76.06	210.29
921	25.24	3649	3000	1.90	7649	0	7	2304	0.00	0.01	74.76	74.60	202.00
924	25.30	3653	3001	1.76	8118	1	10	2154	0.00	0.05	74.68	69.74	200.39
930	25.52	3643	2999	1.90	8219	0	16	3786	0.00	0.01	74.47	75.52	204.42
921	25.20	3653	3001	2.06	6300	0	10	1958	0.00	0.01	74.83	77.86	207.21
922	25.22	3655	3000	1.95	6125	0	3	1966	0.00	0.00	74.80	75.92	203.69
