Avg_MHz	Busy%	Bzy_MHz	TSC_MHz	IPC	IRQ	POLL	C1	C2	POLL%	C1%	C2%	CorWatt	PkgWatt
954	25.67	3716	3007	2.03	699604	0	17	2209	0.00	0.05	74.47	68.23	200.02
990	26.80	3693	2991	1.81	2702616	0	4	4436	0.00	0.00	73.03	65.93	193.28
990	26.80	3694	2992	1.79	2766152	0	3	4222	0.00	0.00	73.03	65.52	196.21
968	26.02	3720	3013	1.93	1168173	0	11	3616	0.00	0.01	74.33	67.18	195.84
949	25.75	3684	3000	2.07	11925	2	116	7720	0.00	0.03	74.26	69.72	203.12
936	25.37	3689	2995	2.05	8437	0	56	3326	0.00	0.01	74.54	67.75	200.03
926	25.08	3692	2987	2.01	6293	0	5	2086	0.00	0.00	74.62	66.24	194.88
944	25.31	3728	3017	2.08	5961	0	6	1722	0.00	0.00	75.13	68.59	199.52
935	25.19	3713	3003	2.07	5923	0	10	1714	0.00	0.03	74.88	67.77	198.51
937	25.48	3679	2994	2.08	8410	1	31	3959	0.00	0.04	74.37	68.80	199.82
935	25.29	3696	2998	2.03	6928	0	13	2582	0.00	0.04	74.65	67.29	197.75
935	25.22	3709	3003	2.06	6286	0	1	2035	0.00	0.00	74.87	67.96	198.75
935	25.27	3700	2998	2.04	15667	1	12	2430	0.00	0.05	74.66	67.68	196.80
947	25.56	3705	3006	2.00	23662	5	790	5604	0.00	0.11	74.51	68.36	201.28
933	25.26	3693	3000	1.83	201155	55	38	4447	0.00	0.00	74.77	63.21	197.52
935	25.29	3696	3000	2.06	73745	0	8	2529	0.00	0.00	74.72	67.71	197.65
933	25.20	3701	3001	2.13	64588	0	22	2169	0.00	0.04	74.79	68.66	200.28
941	25.44	3697	3000	2.04	38153	0	322	5335	0.00	0.08	74.49	67.91	197.88
936	25.33	3695	3000	2.10	7587	0	131	2560	0.00	0.03	74.67	68.65	200.30
938	25.52	3677	2999	2.12	10763	1	55	4652	0.00	0.03	74.45	69.07	202.45
934	25.29	3692	3001	2.16	8068	0	14	2359	0.00	0.01	74.74	69.25	201.30
932	25.26	3690	2999	2.19	10569	1	69	2104	0.00	0.02	74.70	69.62	201.35
932	25.21	3696	3001	2.20	17231	0	2	1896	0.00	0.00	74.83	69.72	201.56
930	25.16	3697	2999	2.14	6064	0	13	1777	0.00	0.05	74.79	68.54	198.56
931	25.17	3697	3001	2.13	15988	0	4	1737	0.00	0.00	74.86	68.35	199.75
937	25.46	3678	2999	2.13	9377	0	35	3848	0.00	0.01	74.53	69.05	202.79
932	25.21	3696	3002	2.16	15522	0	15	1980	0.00	0.00	74.84	69.13	200.87
931	25.20	3695	2999	2.11	68848	0	5	1757	0.00	0.00	74.79	68.08	198.07
973	26.45	3678	2999	1.92	1511807	1	46	5025	0.00	0.03	73.54	67.59	202.24
933	25.28	3690	3000	2.12	20259	1	25	1913	0.00	0.06	74.69	68.38	199.01
951	25.79	3689	3001	2.07	677322	3	37	4400	0.00	0.02	74.25	69.34	204.69
993	26.82	3701	2999	1.88	2520607	0	13	3014	0.00	0.01	73.17	67.89	199.97
993	26.83	3702	3000	1.87	2504657	10	3	3556	0.00	0.00	73.20	67.58	199.73
992	26.81	3701	3000	1.90	2511674	3	8	3395	0.00	0.00	73.21	68.15	198.99
944	25.52	3698	3001	2.01	473109	0	4	2927	0.00	0.00	74.52	67.26	198.42
931	25.17	3699	3000	2.09	33668	0	14	1938	0.00	0.04	74.79	68.28	198.84
931	25.17	3699	3001	2.08	12151	0	6	1768	0.00	0.03	74.83	68.00	199.10
930	25.16	3696	2999	2.10	10215	0	5	1780	0.00	0.00	74.84	67.85	198.41
934	25.29	3693	3003	2.12	17427	0	25	2463	0.00	0.01	74.80	68.70	199.44
935	25.38	3683	2997	2.07	20473	1	36	4077	0.00	0.00	74.56	67.91	200.12
945	25.67	3683	3001	2.07	15013	2	220	6446	0.00	0.09	74.31	69.07	201.60
934	25.33	3687	2998	2.07	17542	0	23	2845	0.00	0.05	74.60	67.90	198.47
931	25.21	3695	3001	2.14	10970	0	6	2108	0.00	0.00	74.84	68.91	200.88
929	25.16	3694	2999	2.13	16564	1	11	1884	0.00	0.05	74.78	68.40	199.08
938	25.46	3683	3000	2.10	38407	0	21	4122	0.00	0.00	74.58	69.12	204.20
934	25.27	3696	2999	1.95	88038	18	8	2257	0.00	0.00	74.73	65.74	195.36
932	25.25	3692	3000	1.97	67107	20	40	2657	0.00	0.05	74.73	65.62	196.66
934	25.44	3674	2999	2.14	7664	0	28	3305	0.00	0.03	74.54	68.97	201.06
930	25.21	3689	3001	2.11	6416	0	6	2119	0.00	0.00	74.83	67.69	199.27
523	14.22	3680	2998	1.81	40225	0	64	2379	0.00	0.27	85.47	35.58	156.03
68	2.11	3224	3001	1.95	6514	0	4	6159	0.00	0.01	97.98	4.33	125.20
7	0.31	2216	3000	0.89	1590	0	11	1538	0.00	0.00	99.72	0.50	95.03
