Avg_MHz	Busy%	Bzy_MHz	TSC_MHz	IPC	IRQ	POLL	C1	C2	POLL%	C1%	C2%	CorWatt	PkgWatt
1019	29.00	3514	3003	1.40	73360	35	29040	41160	0.00	2.45	68.79	58.69	194.73
983	28.19	3486	3000	1.44	46824	24	10287	29906	0.00	1.24	70.71	55.37	182.16
990	28.12	3521	3001	1.42	51370	21	11421	33776	0.00	1.21	70.84	56.87	183.50
991	28.34	3495	2998	1.44	51699	22	9836	36466	0.00	1.07	70.70	56.74	184.19
1015	29.51	3439	3002	1.45	49145	21	2947	32847	0.00	0.59	70.07	59.01	187.80
996	28.72	3467	2998	1.42	54075	20	5879	35060	0.00	0.73	70.64	57.97	183.48
984	28.45	3460	3000	1.41	46616	22	8316	32535	0.00	0.91	70.79	54.89	178.35
995	28.61	3478	3004	1.42	46760	21	5971	33009	0.00	0.80	70.84	56.17	184.13
1004	27.98	3587	2999	1.40	51373	19	7844	37725	0.00	0.94	71.17	59.10	183.95
995	27.86	3571	3000	1.41	48143	23	7778	35975	0.00	0.95	71.31	58.51	186.48
979	28.17	3477	2999	1.45	44901	21	4536	35069	0.00	0.70	71.26	55.39	182.71
1034	29.60	3494	3001	1.42	50226	28	14810	29129	0.00	1.40	69.16	59.79	196.82
992	28.41	3492	3000	1.42	44864	20	6040	33428	0.00	0.86	70.86	56.61	186.72
991	28.72	3451	2997	1.41	45945	26	5113	34956	0.00	0.72	70.64	55.43	182.00
1002	29.10	3444	3002	1.41	43324	18	4382	31774	0.00	0.68	70.39	55.31	187.43
1039	28.92	3591	3004	1.39	52492	27	8184	38849	0.00	0.93	70.37	61.54	196.06
1027	29.13	3525	2996	1.37	60620	29	11843	44648	0.00	1.31	69.62	61.16	192.87
996	29.00	3434	2999	1.39	46057	35	5213	35262	0.00	0.74	70.39	55.44	187.74
992	28.74	3453	3000	1.35	53672	34	8642	39561	0.00	1.11	70.32	55.31	186.72
1028	29.38	3500	3003	1.36	50568	30	8735	33812	0.00	1.07	69.76	59.18	197.97
981	28.01	3503	2997	1.38	48219	19	6472	37377	0.00	0.81	71.27	55.47	190.74
1015	29.02	3496	3002	1.39	52039	26	7103	38733	0.00	0.81	70.37	58.11	195.03
1008	28.17	3578	3000	1.38	52954	20	6298	41662	0.00	0.76	71.22	59.66	189.23
1010	29.15	3466	2999	1.37	51763	16	6328	40354	0.00	0.75	70.24	58.49	193.40
1003	28.88	3473	2999	1.36	60853	65	6518	39968	0.00	0.81	70.46	56.93	191.31
1041	29.91	3481	2999	1.35	55963	39	11002	37736	0.00	1.22	69.00	59.13	192.29
998	28.99	3444	3000	1.38	50544	24	8604	36615	0.00	1.02	70.14	56.04	188.39
1012	29.36	3445	3004	1.39	52081	37	7645	38515	0.00	0.93	69.96	56.72	187.48
1116	31.01	3600	3000	1.40	69014	16	4996	35523	0.00	0.57	68.53	66.73	204.68
994	28.33	3510	2997	1.40	51593	24	6889	39624	0.00	0.75	71.01	57.38	179.82
989	28.44	3477	3002	1.39	49995	21	6977	37451	0.00	0.92	70.86	54.94	174.60
1007	28.44	3542	3000	1.39	53439	27	11924	37012	0.00	1.26	70.44	57.76	183.77
1024	28.62	3578	3000	1.37	66208	26	26915	41127	0.00	2.28	69.26	59.97	198.52
1035	28.91	3579	2998	1.39	49044	26	8599	34069	0.00	0.90	70.28	60.21	194.45
968	26.90	3597	2999	1.41	33643	14	2289	25912	0.00	0.33	72.85	55.51	175.35
960	26.82	3578	3000	1.43	29763	15	486	22988	0.00	0.16	73.11	54.06	170.14
978	27.52	3554	2999	1.44	29773	8	841	21033	0.00	0.20	72.33	55.31	176.89
960	26.72	3593	3001	1.43	29205	9	606	21151	0.00	0.12	73.26	54.39	172.65
959	26.83	3574	3000	1.43	30242	11	672	23847	0.00	0.14	73.12	54.10	170.15
956	26.64	3589	3000	1.44	29460	11	430	21563	0.00	0.10	73.34	54.09	172.99
958	26.77	3579	3000	1.43	29243	8	478	24007	0.00	0.09	73.23	54.26	170.42
981	27.26	3599	3000	1.43	32165	12	698	25557	0.00	0.13	72.70	56.51	178.66
958	26.63	3600	3001	1.42	33879	9	608	28300	0.00	0.08	73.43	54.37	170.69
957	26.69	3586	3000	1.42	32638	7	518	27213	0.00	0.07	73.34	54.20	168.90
966	26.88	3594	3001	1.41	32257	14	890	26434	0.00	0.16	73.09	54.69	177.57
962	26.58	3617	3000	1.40	34180	12	943	28088	0.00	0.15	73.37	54.93	169.92
962	26.46	3634	2999	1.41	34322	11	1008	28337	0.00	0.15	73.47	55.43	175.39
957	26.59	3598	3000	1.42	29633	16	1228	23827	0.00	0.28	73.23	54.24	171.88
963	26.61	3619	3000	1.41	29142	14	1755	23197	0.00	0.27	73.20	55.34	174.03
961	26.97	3564	2999	1.42	32224	19	2129	24977	0.00	0.25	72.86	54.14	177.83
950	26.14	3632	3000	1.43	22280	9	319	16671	0.00	0.10	73.83	53.59	170.50
952	26.08	3651	3000	1.43	20704	8	378	15697	0.00	0.10	73.89	54.54	173.11
946	25.98	3643	2999	1.43	19740	8	199	15148	0.00	0.02	74.04	53.54	169.35
967	26.79	3609	3001	1.42	30366	13	1854	23682	0.00	0.27	73.06	55.47	182.78
952	25.91	3673	2999	1.42	20733	18	269	16038	0.00	0.04	74.09	54.72	175.53
959	26.30	3645	2999	1.42	22534	8	1390	17131	0.00	0.23	73.52	54.99	177.80
946	25.91	3650	3000	1.43	18314	6	314	13765	0.00	0.10	74.06	53.35	172.00
1070	29.60	3615	3004	1.40	92651	24	8915	23607	0.00	1.08	69.52	61.95	191.21
1145	31.37	3650	2999	1.31	102818	98	62378	41295	0.01	4.94	63.86	67.48	210.43
1127	31.15	3617	2997	1.36	85797	65	38673	37678	0.01	3.51	65.44	67.16	205.89
1025	28.84	3555	3002	1.40	50066	33	12932	31710	0.00	1.66	69.66	60.33	195.49
977	27.58	3543	2997	1.40	43891	27	6615	33162	0.00	0.97	71.50	55.62	181.97
971	27.02	3592	3002	1.40	38208	18	6041	27954	0.00	0.94	72.21	55.01	181.48
1012	28.29	3576	3000	1.38	51173	23	14362	34553	0.00	1.62	70.22	58.27	188.57
1023	28.47	3594	2999	1.37	56671	43	21153	35225	0.00	2.15	69.49	59.16	197.84
1006	27.58	3649	2999	1.39	45074	21	12186	30804	0.00	1.41	71.09	58.86	192.45
990	27.57	3589	3001	1.40	45988	29	10002	33251	0.00	1.21	71.34	57.33	191.72
980	27.43	3574	3001	1.40	42848	17	7700	29438	0.00	0.94	71.77	56.60	188.47
1047	29.32	3570	3001	1.41	63284	31	20169	33605	0.00	2.14	68.68	61.50	202.22
1057	29.25	3612	2998	1.38	51241	34	20942	26819	0.00	2.25	68.56	62.07	203.47
1035	28.59	3622	3002	1.37	57394	33	26285	31982	0.00	2.67	68.93	60.69	200.44
1075	30.49	3527	2999	1.37	65276	42	28521	37394	0.00	2.94	66.69	63.38	205.18
1040	29.05	3580	3002	1.39	48068	22	12921	30902	0.00	1.56	69.55	61.55	201.98
1020	28.57	3571	2998	1.40	40020	31	10823	25181	0.00	1.27	70.19	59.44	196.18
1068	29.94	3568	3000	1.38	54312	42	22289	32506	0.00	2.10	68.07	63.12	201.29
1033	28.57	3616	3001	1.42	35807	21	12730	19436	0.00	1.58	69.95	59.93	199.88
1076	29.63	3633	2999	1.40	38603	21	14679	21955	0.00	1.44	69.00	63.47	204.22
1047	28.98	3614	3000	1.40	41299	16	9307	20989	0.00	1.29	69.80	61.29	201.08
964	26.52	3636	2999	1.42	25526	19	3295	17268	0.00	0.56	72.95	54.78	178.47
561	15.87	3533	2999	1.35	24338	8	1907	17234	0.00	0.40	83.77	31.79	156.83
57	2.61	2202	2999	1.46	28283	17	7246	20657	0.00	0.87	96.60	2.91	127.34
42	2.62	1608	3001	1.46	17823	1	2404	13584	0.00	0.61	96.87	1.47	119.86
