Avg_MHz	Busy%	Bzy_MHz	TSC_MHz	IPC	IRQ	POLL	C1	C2	POLL%	C1%	C2%	CorWatt	PkgWatt
942	25.33	3719	3011	1.14	6914	0	3	2572	0.00	0.00	74.96	53.31	179.71
928	25.09	3699	2990	1.12	6362	0	7	2167	0.00	0.01	74.67	51.89	173.75
945	25.33	3732	3018	1.12	6486	1	7	2247	0.00	0.01	75.12	52.65	175.72
931	25.14	3704	2995	1.12	6563	0	12	2361	0.00	0.04	74.71	51.99	173.71
928	25.09	3700	2991	1.12	6280	0	6	2076	0.00	0.01	74.68	51.71	173.35
948	25.81	3674	2999	1.14	10448	0	86	5671	0.00	0.03	74.16	53.77	181.67
951	25.61	3713	3012	1.13	66404	0	11	2555	0.00	0.01	74.70	52.85	176.35
937	25.46	3678	2989	1.14	6551	0	21	2242	0.00	0.06	74.22	52.65	174.91
939	25.37	3703	3000	1.14	6676	0	19	2386	0.00	0.06	74.58	52.78	175.55
937	25.33	3698	3000	1.14	7082	11	187	2525	0.00	0.10	74.59	52.77	177.15
945	25.59	3694	3005	1.14	8626	0	39	4202	0.00	0.02	74.53	53.71	182.05
935	25.32	3692	2995	1.10	6487	0	14	2137	0.00	0.00	74.58	51.35	174.13
942	25.34	3719	3011	1.13	6753	0	9	2356	0.00	0.05	74.90	52.65	175.95
928	25.09	3696	2989	1.14	6462	0	1	2138	0.00	0.00	74.64	52.39	174.49
935	25.19	3711	3001	1.13	6491	0	6	2091	0.00	0.01	74.84	52.69	175.56
947	25.55	3707	3010	1.13	8563	3	28	4045	0.00	0.02	74.70	53.53	182.10
929	25.13	3696	2990	1.12	7360	0	5	2193	0.00	0.02	74.61	51.86	174.63
935	25.26	3703	3000	1.12	6855	0	16	2398	0.00	0.05	74.70	52.30	179.38
938	25.50	3680	2997	1.14	7343	0	77	2729	0.00	0.08	74.37	53.08	177.61
937	25.28	3707	3003	1.12	6809	0	8	2394	0.00	0.02	74.79	52.49	176.17
950	25.83	3677	3004	1.12	9220	1	76	4493	0.00	0.10	74.21	53.37	185.19
940	25.37	3704	3003	1.12	6707	0	8	2218	0.00	0.01	74.71	52.53	177.17
940	25.37	3704	3002	1.12	6765	0	9	2394	0.00	0.00	74.70	52.36	175.13
928	25.17	3689	2988	1.11	6929	0	33	2396	0.00	0.04	74.52	51.62	173.69
941	25.44	3700	3003	1.12	6744	0	12	2436	0.00	0.02	74.64	52.44	173.51
955	26.18	3648	2999	1.13	9284	2	69	4608	0.00	0.04	73.79	54.24	184.22
942	25.33	3719	3011	1.13	6510	1	16	2233	0.00	0.01	74.95	53.15	180.84
934	25.20	3708	3000	1.13	6477	1	12	2282	0.00	0.02	74.79	52.78	175.30
942	25.61	3680	3001	1.13	7352	0	43	2909	0.00	0.04	74.39	53.11	177.57
930	25.24	3687	2990	1.12	7281	0	36	2853	0.00	0.04	74.49	52.35	174.43
947	25.68	3688	3005	1.12	7844	0	25	3645	0.00	0.01	74.47	53.19	180.59
945	25.46	3710	3008	1.12	8065	1	27	3471	0.00	0.01	74.74	53.45	181.14
930	25.12	3703	2994	1.13	6357	0	3	2198	0.00	0.00	74.74	52.38	175.08
939	25.25	3718	3007	1.10	6511	0	10	2283	0.00	0.02	74.93	51.90	173.72
925	25.08	3688	2983	1.11	6550	0	6	2186	0.00	0.01	74.50	51.81	175.36
941	25.35	3711	3006	1.13	6647	1	24	2498	0.00	0.01	74.80	53.17	177.65
944	25.41	3716	3009	1.11	8007	0	39	3121	0.00	0.05	74.78	52.79	179.97
928	25.10	3698	2990	1.11	8179	0	4	2138	0.00	0.00	74.66	51.91	174.68
937	25.25	3712	3002	1.11	18941	0	21	2124	0.00	0.05	74.77	52.47	176.28
941	25.26	3725	3011	1.10	6422	0	10	2016	0.00	0.05	74.98	52.53	176.62
933	25.15	3708	2998	1.11	6456	0	5	2066	0.00	0.00	74.81	52.24	175.94
929	25.10	3700	2991	1.10	6270	0	3	2089	0.00	0.01	74.69	51.81	174.20
934	25.17	3711	3000	1.10	6442	0	1	2127	0.00	0.00	74.84	52.06	175.68
937	25.24	3714	3004	1.10	6426	0	4	2179	0.00	0.00	74.88	51.95	175.71
938	25.24	3718	3006	1.10	7199	2	0	2052	0.00	0.00	74.92	52.26	175.65
927	25.07	3698	2989	1.09	7129	0	7	2058	0.00	0.01	74.66	51.05	180.25
938	25.22	3719	3006	1.09	6476	1	1	2087	0.00	0.00	74.94	52.07	182.48
934	25.17	3712	3001	1.10	6577	0	13	2143	0.00	0.03	74.83	52.23	176.06
935	25.20	3708	3000	1.11	6188	0	2	1894	0.00	0.00	74.81	52.30	175.75
932	25.15	3705	2996	1.10	6389	0	17	1995	0.00	0.06	74.70	51.77	174.00
937	25.20	3718	3005	1.11	6145	0	8	1854	0.00	0.00	74.93	52.49	176.10
929	25.10	3703	2993	1.09	6342	0	1	2028	0.00	0.00	74.73	51.64	174.29
935	25.17	3713	3001	1.10	6494	0	3	2058	0.00	0.00	74.87	52.32	176.24
942	25.28	3728	3013	1.09	6499	0	13	2101	0.00	0.06	75.01	52.49	177.87
926	25.08	3693	2986	1.10	6322	0	4	2012	0.00	0.00	74.59	51.81	175.72
942	25.26	3729	3013	1.10	6161	0	14	1831	0.00	0.05	75.03	52.48	176.93
932	25.16	3706	2996	1.09	6608	0	5	2307	0.00	0.00	74.76	51.60	174.37
929	25.11	3702	2993	1.09	6469	0	4	2138	0.00	0.00	74.73	51.44	173.13
935	25.18	3713	3001	1.10	6417	0	5	2097	0.00	0.00	74.86	52.19	175.98
934	25.16	3711	3000	1.09	6282	0	2	1964	0.00	0.01	74.85	51.58	173.86
933	25.17	3706	2997	1.10	6479	0	6	2123	0.00	0.01	74.76	52.07	175.44
943	25.28	3730	3015	1.10	6374	0	12	1976	0.00	0.01	75.09	52.17	176.18
926	25.06	3695	2987	1.10	6544	0	13	2119	0.00	0.04	74.59	51.51	173.25
935	25.22	3710	3001	1.09	6674	0	6	2315	0.00	0.02	74.82	51.62	174.88
935	25.19	3711	3000	1.09	6598	0	1	2288	0.00	0.00	74.83	51.98	175.71
934	25.17	3711	3000	1.09	6547	1	17	2191	0.00	0.05	74.79	51.82	175.83
934	25.17	3712	3001	1.10	6322	0	8	1954	0.00	0.00	74.86	52.11	175.91
933	25.16	3710	2999	1.09	6448	0	17	2060	0.00	0.01	74.81	51.53	173.31
933	25.15	3710	2999	1.09	6399	0	8	2066	0.00	0.00	74.83	51.93	174.71
938	25.22	3720	3006	1.09	6275	0	34	1993	0.00	0.09	74.87	51.53	175.70
931	25.14	3705	2994	1.10	7443	0	2	1771	0.00	0.00	74.72	52.00	175.09
940	25.24	3724	3010	1.10	6340	0	3	2008	0.00	0.00	75.01	52.25	176.28
929	25.10	3701	2991	1.09	6593	0	5	2171	0.00	0.00	74.70	51.16	173.01
935	25.20	3711	3001	1.09	6777	0	2	2348	0.00	0.00	74.84	51.79	174.51
934	25.17	3712	3001	1.10	6447	0	10	2107	0.00	0.04	74.82	52.19	176.37
936	25.19	3717	3004	1.09	6314	0	3	2023	0.00	0.01	74.91	51.73	174.36
931	25.15	3703	2994	1.08	6739	0	7	2382	0.00	0.02	74.71	51.21	173.18
941	25.25	3725	3010	1.08	6483	0	6	2067	0.00	0.03	75.00	51.76	175.32
936	25.21	3714	3003	1.09	6544	0	6	2198	0.00	0.00	74.88	51.91	174.68
927	25.08	3697	2989	1.10	6525	0	3	2246	0.00	0.00	74.66	51.87	174.03
939	25.27	3717	3007	1.09	7569	0	5	2184	0.00	0.01	74.92	52.28	176.10
935	25.18	3712	3001	1.09	6568	0	3	2209	0.00	0.00	74.86	52.06	175.95
928	25.08	3699	2990	1.10	6285	0	2	2009	0.00	0.00	74.68	51.63	173.75
935	25.20	3711	3001	1.09	6536	0	2	2186	0.00	0.00	74.84	51.98	175.97
938	25.22	3718	3006	1.09	6468	0	1	2137	0.00	0.00	74.94	51.97	176.92
931	25.13	3704	2995	1.09	6465	0	2	2199	0.00	0.00	74.75	51.66	175.25
937	25.21	3716	3004	1.09	6487	0	0	2127	0.00	0.00	74.92	51.96	176.24
930	25.11	3703	2993	1.08	6323	0	6	2022	0.00	0.00	74.74	51.11	173.35
936	25.20	3715	3003	1.10	6515	0	4	2080	0.00	0.00	74.89	52.23	175.45
935	25.18	3714	3002	1.10	6504	0	7	2135	0.00	0.00	74.88	52.14	174.86
932	25.14	3708	2997	1.09	6440	0	2	2080	0.00	0.00	74.80	51.82	174.81
934	25.17	3712	3001	1.09	6395	0	12	2058	0.00	0.03	74.83	52.21	176.14
934	25.18	3708	2999	1.09	6653	0	13	2293	0.00	0.05	74.75	51.89	174.35
936	25.20	3713	3002	1.07	7539	0	5	2199	0.00	0.00	74.86	51.43	175.22
937	25.21	3718	3005	1.09	6479	0	16	2124	0.00	0.05	74.88	51.95	175.04
931	25.12	3707	2995	1.09	6386	0	6	1977	0.00	0.00	74.78	51.94	175.19
934	25.18	3708	2999	1.09	6889	1	5	2344	0.00	0.00	74.81	51.65	174.94
935	25.18	3713	3001	1.09	6386	0	19	2047	0.00	0.05	74.82	52.11	175.56
936	25.22	3710	3001	1.10	7816	1	4	2311	0.00	0.00	74.83	51.80	175.93
933	25.14	3710	2998	1.09	6343	0	3	1966	0.00	0.00	74.83	51.72	184.83
940	25.26	3722	3010	1.09	6673	1	2	2309	0.00	0.00	75.00	52.29	179.32
935	25.36	3686	2995	1.09	8153	0	48	3217	0.00	0.02	74.52	51.79	174.98
938	25.25	3716	3004	1.10	10111	0	2	2151	0.00	0.00	74.87	52.56	177.44
933	25.14	3709	2998	1.09	6351	0	2	2035	0.00	0.00	74.81	51.47	173.20
930	25.12	3703	2993	1.10	6413	0	10	2129	0.00	0.01	74.73	51.90	174.98
934	25.17	3711	3000	1.10	6411	0	9	2128	0.00	0.01	74.84	51.99	175.63
935	25.18	3714	3002	1.09	6424	0	1	1977	0.00	0.00	74.89	51.88	176.94
934	25.17	3709	2999	1.08	6648	0	1	2325	0.00	0.00	74.81	51.19	173.67
934	25.18	3711	3000	1.10	6562	0	1	2231	0.00	0.00	74.83	52.14	175.95
938	25.22	3719	3006	1.09	6431	0	1	2041	0.00	0.00	74.95	51.91	176.39
930	25.12	3705	2994	1.09	6369	0	2	2049	0.00	0.00	74.75	51.64	173.89
940	25.55	3678	3000	1.08	9325	0	214	3601	0.00	0.04	74.43	51.85	177.06
937	25.26	3711	3003	1.10	6736	0	8	2394	0.00	0.05	74.79	52.03	175.90
933	25.15	3710	2998	1.09	6403	0	44	2041	0.00	0.02	74.81	51.69	175.14
939	25.27	3718	3008	1.09	6599	0	1	2249	0.00	0.00	74.94	52.02	175.97
928	25.09	3699	2991	1.10	6522	0	7	2214	0.00	0.01	74.68	51.99	175.32
934	25.18	3710	3000	1.08	6628	1	4	2158	0.00	0.00	74.83	51.79	175.21
937	25.21	3717	3005	1.10	6496	0	6	2104	0.00	0.01	74.92	52.26	175.46
937	25.20	3719	3005	1.09	6279	0	3	1997	0.00	0.00	74.94	51.92	175.19
931	25.20	3696	2994	1.09	6675	0	11	2239	0.00	0.02	74.64	51.39	173.87
932	25.13	3707	2996	1.08	6314	0	4	1975	0.00	0.00	74.79	51.25	174.18
936	25.19	3716	3003	1.09	6673	0	4	2224	0.00	0.01	74.90	51.75	174.86
943	25.55	3690	2999	1.09	9763	0	85	4957	0.00	0.01	74.44	52.55	179.88
942	25.35	3714	3009	1.09	7662	1	47	2945	0.00	0.08	74.80	52.15	176.95
932	25.19	3699	2992	1.09	7618	0	124	3384	0.00	0.06	74.58	52.11	176.50
946	25.60	3696	3000	1.09	11429	1	559	6226	0.00	0.18	74.23	52.99	179.72
934	25.17	3711	3000	1.08	6753	0	22	2310	0.00	0.05	74.78	51.33	174.27
940	25.35	3708	3003	1.09	7065	0	8	2833	0.00	0.01	74.73	52.03	175.84
935	25.26	3701	2996	1.09	7926	2	27	3309	0.00	0.00	74.66	51.98	176.51
953	25.64	3717	3011	1.10	10859	1	239	5967	0.00	0.05	74.61	53.53	181.18
937	25.30	3705	3000	1.09	7327	0	5	2902	0.00	0.00	74.70	51.97	176.15
934	25.20	3708	2999	1.10	6994	0	6	2530	0.00	0.01	74.79	52.09	175.24
934	25.18	3710	3000	1.08	6415	0	3	2119	0.00	0.00	74.82	51.21	174.90
947	25.59	3699	3004	1.09	12230	0	35	4236	0.00	0.02	74.52	52.83	180.94
935	25.20	3710	2999	1.10	6526	0	2	2220	0.00	0.00	74.79	51.93	175.68
933	25.17	3708	2997	1.08	6585	1	5	2236	0.00	0.01	74.77	51.56	175.47
935	25.19	3712	3001	1.09	6569	1	5	2175	0.00	0.00	74.85	51.89	175.57
934	25.18	3709	2999	1.09	6449	0	5	2156	0.00	0.00	74.81	51.83	174.72
941	25.47	3695	3000	1.08	8791	2	44	4288	0.00	0.02	74.54	52.11	179.74
935	25.20	3710	3000	1.07	6591	0	20	2209	0.00	0.05	74.76	51.05	172.74
943	25.63	3679	3000	1.09	7903	1	67	2845	0.00	0.09	74.30	52.32	179.41
964	26.74	3605	2998	1.08	12326	0	88	3207	0.00	0.08	73.16	52.80	187.34
951	26.07	3648	3001	1.08	8033	0	46	3236	0.00	0.05	73.94	52.13	182.17
958	26.28	3647	2998	1.08	10513	12	104	4644	0.00	0.06	73.65	52.87	184.86
935	25.18	3714	3002	1.10	6424	0	5	2108	0.00	0.00	74.89	52.43	178.52
934	25.16	3712	3000	1.09	6236	0	6	1909	0.00	0.00	74.85	51.67	175.03
935	25.19	3709	3000	1.08	7623	1	3	2252	0.00	0.00	74.82	51.68	175.81
934	25.15	3712	3000	1.09	6222	0	2	1930	0.00	0.00	74.86	51.94	176.48
941	25.48	3694	3000	1.07	8516	1	157	4060	0.00	0.08	74.45	51.95	178.57
935	25.23	3706	3000	1.10	6901	0	8	2436	0.00	0.01	74.77	51.95	174.44
935	25.21	3709	3001	1.10	6668	0	30	2218	0.00	0.06	74.77	51.89	176.34
963	26.88	3582	2997	1.10	10752	7	392	2849	0.00	0.20	72.87	52.66	185.35
936	25.20	3713	3003	1.09	6584	0	5	2275	0.00	0.01	74.89	52.02	177.15
943	25.57	3686	2998	1.10	9713	3	54	4521	0.00	0.03	74.39	52.77	181.17
982	27.73	3542	3003	1.14	16818	2	328	3212	0.00	0.21	72.14	54.95	192.43
949	26.13	3631	2997	1.12	7664	0	52	2907	0.00	0.05	73.76	53.28	186.86
944	25.71	3671	3001	1.13	6862	0	27	2290	0.00	0.06	74.28	53.24	182.02
934	25.17	3713	3001	1.11	6362	0	5	2066	0.00	0.00	74.87	51.93	175.52
942	25.50	3692	3000	1.12	8731	0	21	4266	0.00	0.00	74.51	53.16	180.84
935	25.25	3705	3000	1.12	6543	0	8	2181	0.00	0.01	74.76	52.43	178.32
960	26.30	3649	2999	1.12	8338	0	84	2969	0.00	0.09	73.60	53.63	184.52
952	26.20	3632	3000	1.12	8218	2	49	3242	0.00	0.11	73.71	53.01	180.91
949	26.00	3648	3001	1.11	7315	0	16	2618	0.00	0.01	74.03	52.52	180.81
981	27.15	3614	2999	1.12	11699	0	218	5391	0.00	0.13	72.72	55.14	189.17
944	25.75	3667	3001	1.13	7322	0	25	2793	0.00	0.01	74.28	53.07	182.14
954	26.25	3633	3000	1.13	8198	4	100	2969	0.00	0.12	73.65	53.67	184.58
954	26.28	3630	3000	1.11	9194	0	62	3444	0.00	0.10	73.64	53.21	183.85
939	25.46	3687	3000	1.12	6965	3	35	2612	0.00	0.08	74.48	52.94	179.48
949	25.90	3664	3001	1.12	9382	3	58	4762	0.00	0.06	74.10	53.70	183.86
941	25.56	3683	2999	1.12	7014	0	27	2532	0.00	0.03	74.41	52.74	179.78
952	26.21	3633	3000	1.12	7879	1	83	3205	0.00	0.14	73.66	53.15	181.54
952	26.15	3643	3000	1.11	8176	1	93	3322	0.00	0.15	73.73	52.70	182.05
939	25.42	3694	3001	1.13	6813	0	38	2398	0.00	0.07	74.55	53.00	179.40
947	25.77	3674	3000	1.11	9025	0	31	4548	0.00	0.04	74.22	53.25	182.38
943	25.69	3669	3000	1.12	7247	2	42	2743	0.00	0.06	74.27	52.77	178.48
935	25.21	3708	3000	1.10	6738	1	12	2430	0.00	0.01	74.79	51.94	175.25
938	25.44	3689	3000	1.14	7045	0	44	2598	0.00	0.08	74.49	53.13	179.21
944	25.71	3672	2999	1.13	8247	2	42	3808	0.00	0.04	74.26	53.44	181.96
941	25.42	3703	3003	1.11	7710	0	18	3417	0.00	0.00	74.67	52.80	182.77
934	25.19	3707	2998	1.09	6824	0	16	2461	0.00	0.01	74.76	51.56	174.70
935	25.19	3712	3001	1.13	6578	0	14	2319	0.00	0.05	74.81	52.82	177.96
935	25.19	3710	3000	1.13	6768	0	1	2433	0.00	0.00	74.82	53.01	177.23
934	25.17	3712	3000	1.13	6369	0	19	2070	0.00	0.05	74.80	52.86	176.95
938	25.34	3703	3002	1.11	6931	0	14	2619	0.00	0.02	74.71	52.40	176.33
940	25.42	3699	2998	1.10	8788	0	33	4254	0.00	0.01	74.53	52.74	180.29
935	25.21	3708	3000	1.12	6737	0	34	2431	0.00	0.09	74.72	52.60	176.75
935	25.21	3709	3001	1.13	6547	1	3	2158	0.00	0.00	74.82	52.88	177.94
937	25.34	3696	3000	1.11	6845	0	23	2527	0.00	0.03	74.65	52.39	176.46
947	25.96	3647	2999	1.13	7283	1	36	2604	0.00	0.02	74.02	53.15	181.99
967	26.52	3647	3000	1.12	10678	2	149	4245	0.00	0.09	73.41	54.32	191.43
944	25.71	3671	3001	1.10	7324	1	16	2865	0.00	0.01	74.33	52.13	179.45
935	25.24	3705	2999	1.11	6571	0	6	2217	0.00	0.00	74.75	52.35	176.38
947	25.90	3656	3002	1.13	7471	0	41	2891	0.00	0.05	74.11	52.98	181.37
942	25.63	3676	2999	1.13	7311	0	43	2773	0.00	0.04	74.31	53.34	181.36
942	25.49	3694	3000	1.11	8420	1	43	3995	0.00	0.02	74.51	53.04	181.52
940	25.49	3686	2999	1.13	7100	0	31	2627	0.00	0.04	74.48	53.16	179.08
942	25.57	3684	3001	1.12	7148	0	21	2636	0.00	0.03	74.44	53.05	182.51
935	25.20	3710	3000	1.12	6458	1	8	2155	0.00	0.00	74.82	52.68	176.78
943	25.66	3674	2999	1.11	7701	0	39	2916	0.00	0.04	74.31	52.66	177.60
945	25.68	3678	2999	1.11	8891	1	51	4322	0.00	0.03	74.29	53.10	182.13
950	26.07	3644	3001	1.12	9552	0	260	2501	0.00	0.08	73.88	53.03	182.30
943	25.66	3673	3000	1.09	7295	0	14	2616	0.00	0.01	74.35	51.86	178.48
935	25.20	3711	3001	1.11	6748	0	2	2446	0.00	0.00	74.85	52.23	176.33
934	25.18	3710	3000	1.12	6440	0	22	2078	0.00	0.07	74.76	52.52	176.50
942	25.51	3693	3000	1.11	8706	1	45	4252	0.00	0.06	74.46	52.86	180.39
935	25.22	3707	3000	1.12	6780	0	5	2455	0.00	0.00	74.79	52.66	176.29
936	25.25	3708	3001	1.13	6864	0	16	2579	0.00	0.02	74.79	52.79	180.31
941	25.59	3675	2998	1.11	8937	0	5	2306	0.00	0.00	74.38	52.45	180.49
936	25.26	3706	3001	1.13	7020	0	164	2331	0.00	0.35	74.43	53.14	180.79
949	25.89	3665	2999	1.11	9502	1	64	4866	0.00	0.03	74.07	53.41	182.60
953	26.27	3628	3001	1.13	9328	0	57	2885	0.00	0.06	73.70	53.27	185.82
935	25.18	3712	3001	1.10	6361	0	17	2085	0.00	0.05	74.81	52.03	175.23
969	26.47	3659	3000	1.12	9232	1	106	3109	0.00	0.04	73.51	54.62	186.08
959	26.35	3641	2999	1.12	8670	0	56	3281	0.00	0.04	73.60	53.54	183.08
962	26.68	3606	3000	1.12	12209	1	101	5079	0.00	0.09	73.26	54.02	191.51
935	25.24	3705	3000	1.12	6616	0	11	2314	0.00	0.01	74.77	52.59	180.43
935	25.23	3706	3000	1.12	6674	0	6	2271	0.00	0.00	74.79	52.56	175.87
934	25.18	3710	3000	1.13	6589	0	12	2279	0.00	0.04	74.79	52.69	176.77
939	25.49	3685	3000	1.12	7943	1	34	3108	0.00	0.01	74.52	52.67	177.56
928	25.09	3698	2990	1.12	6384	1	5	2111	0.00	0.01	74.66	52.16	175.55
957	25.94	3691	3010	1.10	10479	1	64	5583	0.00	0.01	74.33	53.83	185.32
934	25.17	3712	3000	1.13	6456	0	6	2118	0.00	0.00	74.85	53.04	178.50
935	25.20	3710	3001	1.12	6648	0	5	2406	0.00	0.00	74.83	52.39	177.48
940	25.47	3690	2999	1.10	8293	1	79	3784	0.00	0.07	74.47	52.60	178.05
935	25.23	3708	3000	1.13	6714	0	19	2279	0.00	0.02	74.77	52.77	178.00
953	25.85	3688	2999	1.10	13415	8	1578	8164	0.00	0.20	73.98	53.78	182.94
937	25.26	3709	3001	1.11	6728	0	3	2397	0.00	0.00	74.77	52.37	178.12
935	25.23	3707	3000	1.12	6907	0	8	2552	0.00	0.00	74.79	52.71	176.54
935	25.22	3708	3000	1.11	6725	0	63	2446	0.00	0.05	74.76	52.20	175.95
940	25.46	3691	3000	1.13	7923	0	42	3443	0.00	0.04	74.52	52.88	177.89
947	25.69	3685	2999	1.11	9464	0	42	4783	0.00	0.04	74.28	53.21	184.23
942	25.55	3688	3003	1.11	2172	0	6	1222	0.00	0.00	74.57	52.39	176.12
