Avg_MHz	Busy%	Bzy_MHz	TSC_MHz	IPC	IRQ	POLL	C1	C2	POLL%	C1%	C2%	CorWatt	PkgWatt
949	25.45	3731	3035	2.31	9508	0	3	1958	0.00	0.00	75.43	73.64	209.66
928	25.16	3689	2999	2.24	12045	0	2	1865	0.00	0.00	74.82	70.95	202.25
911	24.94	3654	2971	2.26	15387	0	3	2020	0.00	0.00	74.36	70.77	199.37
947	25.41	3727	3029	2.31	9222	0	14	1903	0.00	0.06	75.26	73.79	207.85
919	25.32	3628	2970	2.23	15286	0	65	5343	0.00	0.10	73.86	71.05	203.06
930	25.17	3694	3001	2.35	10600	0	2	1911	0.00	0.00	74.88	73.53	205.09
947	25.44	3725	3029	2.32	38885	0	3	2031	0.00	0.01	75.30	73.77	210.16
934	25.51	3661	2999	2.19	174665	5	30	3633	0.00	0.02	74.48	69.42	202.53
929	25.29	3675	3009	2.48	14792	0	7	2132	0.00	0.00	74.95	73.94	207.31
929	25.43	3651	2998	2.45	11718	2	30	3987	0.00	0.02	74.54	73.69	207.75
920	25.11	3664	2992	2.45	9516	0	2	1914	0.00	0.00	74.72	73.00	203.12
966	26.14	3694	3012	2.23	1376570	0	2	2365	0.00	0.00	74.17	71.94	205.24
985	26.84	3670	2994	2.12	2579387	0	5	4671	0.00	0.00	73.06	71.35	201.31
966	26.57	3635	2966	2.14	2577987	0	24	4208	0.00	0.05	72.58	70.59	194.22
980	26.50	3698	3033	2.31	1227765	0	60	5934	0.00	0.02	74.33	74.45	210.80
926	25.21	3674	3004	2.46	16283	0	4	1911	0.00	0.01	74.90	73.56	205.89
923	25.16	3668	2997	2.44	10578	1	0	2010	0.00	0.00	74.78	73.01	204.38
924	25.18	3670	3001	2.49	9555	0	9	1988	0.00	0.01	74.85	73.73	205.92
914	25.05	3648	2984	2.45	13749	0	11	2019	0.00	0.03	74.53	72.25	200.45
925	25.38	3643	2992	2.42	11496	2	37	4043	0.00	0.01	74.43	72.65	206.97
941	25.39	3706	3028	2.51	13636	0	3	1701	0.00	0.00	75.33	75.45	212.33
905	24.92	3630	2969	2.41	6281	0	4	2106	0.00	0.00	74.32	71.23	197.45
945	25.49	3708	3034	2.50	9142	0	4	2098	0.00	0.00	75.36	75.60	214.86
900	24.89	3618	2963	2.51	6497	0	5	2157	0.00	0.00	74.21	72.58	198.76
942	25.58	3682	3020	2.53	47226	2	50	3900	0.00	0.01	74.92	75.82	212.07
927	25.25	3673	3005	2.46	56605	0	12	2002	0.00	0.01	74.88	73.50	205.48
935	25.32	3691	3017	2.48	38747	0	2	2060	0.00	0.00	75.11	74.58	210.29
918	25.08	3658	2988	2.45	6328	0	1	2055	0.00	0.00	74.63	72.90	200.98
923	25.17	3668	2998	2.44	31114	0	3	1993	0.00	0.00	74.80	73.07	204.33
908	24.96	3638	2974	2.36	6822	0	3	2092	0.00	0.00	74.40	70.51	198.39
929	25.23	3683	3009	2.47	10556	0	10	1889	0.00	0.04	74.96	73.87	205.87
933	25.29	3690	3016	2.46	20061	0	1	1869	0.00	0.00	75.11	73.88	206.86
928	25.23	3680	3008	2.45	28159	0	6	1886	0.00	0.01	74.97	73.57	206.67
926	25.20	3672	3001	2.45	20615	0	4	2060	0.00	0.00	74.83	73.56	204.42
930	25.25	3682	3009	2.47	6829	0	3	1872	0.00	0.00	74.98	74.31	207.44
907	24.94	3635	2971	2.43	8089	0	2	2167	0.00	0.00	74.36	71.49	197.54
923	25.15	3668	2997	2.42	13398	0	8	1951	0.00	0.05	74.75	72.56	203.43
935	25.32	3694	3018	2.48	18978	0	4	2141	0.00	0.01	75.13	74.52	207.83
927	25.21	3678	3000	2.36	58885	0	2	1876	0.00	0.00	74.81	72.07	205.67
930	25.25	3686	3009	2.44	6512	0	2	1796	0.00	0.00	75.01	73.96	204.99
923	25.15	3670	2998	2.48	12997	2	6	1829	0.00	0.01	74.81	74.01	207.94
915	25.03	3655	2982	2.41	9478	1	5	1934	0.00	0.01	74.54	72.33	199.44
922	25.17	3662	2992	2.41	9810	0	4	2189	0.00	0.00	74.63	72.65	202.94
945	25.68	3678	3021	2.45	9161	1	31	4363	0.00	0.01	74.85	75.03	211.53
937	25.65	3653	3002	2.42	14785	3	249	7189	0.00	0.05	74.39	74.03	208.98
923	25.22	3657	2993	2.43	19458	1	5	2449	0.00	0.00	74.62	72.73	202.89
911	25.02	3641	2977	2.35	15985	4	8	2333	0.00	0.00	74.41	70.40	200.48
924	25.16	3671	3000	2.41	11762	0	6	1825	0.00	0.01	74.85	72.13	203.94
949	25.91	3663	3022	2.50	14728	1	80	5597	0.00	0.05	74.63	75.81	215.41
930	25.34	3669	3006	2.47	7141	0	9	2651	0.00	0.01	74.81	73.69	205.91
894	24.23	3690	3012	2.17	56095	0	10	2222	0.00	0.00	76.09	66.03	198.05
68	2.04	3341	3000	1.94	33734	0	3	4376	0.00	0.00	98.01	5.23	122.04
