Avg_MHz	Busy%	Bzy_MHz	TSC_MHz	IPC	IRQ	POLL	C1	C2	POLL%	C1%	C2%	CorWatt	PkgWatt
931	25.23	3689	3004	2.91	6462	0	13	2153	0.00	0.05	74.84	73.70	216.56
930	25.23	3685	3002	2.91	6378	0	13	2101	0.00	0.00	74.84	73.73	215.15
940	25.64	3667	3002	2.93	12297	4	1304	7002	0.00	0.16	74.28	75.27	219.06
923	25.18	3667	2993	2.93	6467	1	9	2242	0.00	0.02	74.63	73.54	215.24
946	25.70	3681	3012	2.90	13894	9	2107	8805	0.00	0.33	74.30	75.37	219.81
930	25.29	3677	3000	2.90	8362	0	961	3727	0.00	0.10	74.63	73.69	216.06
938	25.56	3670	3000	2.88	13478	4	2410	8288	0.00	0.31	74.16	74.77	217.44
942	25.70	3666	3000	2.85	13605	2	1805	8061	0.00	0.25	74.10	74.75	217.51
930	25.19	3690	3000	2.83	6601	0	4	2153	0.00	0.00	74.84	73.09	214.72
939	25.56	3675	3000	2.81	13655	4	2037	8266	0.00	0.26	74.22	74.08	216.70
932	25.32	3680	3000	2.87	8785	1	714	4014	0.00	0.18	74.53	73.85	216.24
929	25.17	3689	3000	2.86	6563	0	5	2093	0.00	0.00	74.83	73.62	215.55
939	25.61	3667	3001	2.84	11578	7	671	6857	0.00	0.09	74.35	74.30	217.31
930	25.26	3681	2999	2.89	6721	0	21	2401	0.00	0.04	74.70	73.81	216.11
929	25.19	3686	3000	2.83	9253	0	4	2188	0.00	0.00	74.83	72.67	215.30
928	25.23	3678	3000	2.91	6383	0	38	2189	0.00	0.05	74.73	73.81	216.19
928	25.22	3680	2999	2.89	6522	0	21	2144	0.00	0.04	74.74	73.69	216.32
933	25.38	3676	3002	2.90	8152	0	191	3909	0.00	0.03	74.67	74.16	216.79
934	25.50	3663	2999	2.88	10285	1	882	5063	0.00	0.16	74.34	74.22	216.86
928	25.21	3680	2999	2.88	6430	0	19	2107	0.00	0.04	74.74	73.54	216.43
927	25.17	3685	3000	2.91	6300	0	3	2010	0.00	0.00	74.85	73.98	216.11
928	25.22	3679	3000	2.91	6592	0	15	2251	0.00	0.07	74.74	73.84	216.41
927	25.21	3678	2999	2.90	6448	0	32	2143	0.00	0.02	74.75	73.73	216.66
930	25.29	3679	3001	2.89	8665	2	37	4322	0.00	0.01	74.76	74.12	217.17
928	25.22	3680	3000	2.90	6529	0	39	2154	0.00	0.11	74.69	73.94	216.32
936	25.71	3638	2999	2.86	10366	1	535	4891	0.00	0.07	74.21	73.89	216.73
994	28.15	3531	3001	2.81	23075	11	6495	10517	0.00	0.64	71.31	78.07	221.87
938	25.66	3655	2999	2.89	11801	4	1452	6428	0.00	0.22	74.12	74.80	218.43
938	25.91	3622	3001	2.92	12516	5	2154	5997	0.00	0.29	73.86	74.65	217.65
955	26.99	3539	2999	2.88	21413	8	5013	11367	0.00	0.56	72.48	75.31	219.06
981	27.40	3581	3003	2.83	30864	63	10924	21168	0.00	1.38	71.40	79.16	224.98
954	26.54	3593	2998	2.83	28815	15	1015	23141	0.00	0.35	73.13	76.89	221.75
966	27.11	3563	3003	2.83	33363	16	3545	25114	0.00	0.59	72.48	76.71	220.98
956	26.60	3592	2998	2.85	29085	16	1144	23391	0.00	0.37	73.06	77.33	222.17
1026	29.62	3464	3001	2.74	53724	27	15644	33378	0.00	1.47	69.08	80.90	225.86
956	26.54	3601	3001	2.84	29957	10	644	24401	0.00	0.18	73.38	77.87	223.35
965	27.08	3564	3000	2.83	33737	11	2082	27247	0.00	0.31	72.71	78.18	223.34
1028	29.29	3509	3002	2.71	58798	53	23189	37993	0.00	2.26	68.69	81.38	226.93
1000	27.75	3606	3000	2.75	41090	42	13679	29616	0.00	1.70	70.67	81.14	227.03
1029	28.81	3571	2998	2.71	41970	55	7755	28855	0.00	1.09	70.18	81.70	228.41
1072	29.82	3594	2999	2.61	34442	50	19869	17012	0.00	1.93	68.34	82.42	229.22
997	27.92	3571	3001	2.82	27474	9	1961	20403	0.00	0.36	71.82	79.69	224.98
1001	28.04	3571	2999	2.80	38548	35	5931	28923	0.00	0.75	71.29	80.42	226.12
1008	28.17	3580	3002	2.74	53731	29	13867	37760	0.00	1.69	70.31	80.77	226.76
971	26.82	3619	3003	2.82	36372	19	6171	27116	0.00	0.86	72.50	78.17	223.93
1000	28.17	3551	2996	2.78	60647	30	10639	46216	0.00	1.20	70.70	80.97	226.44
954	26.99	3533	3000	2.89	35716	19	3230	27732	0.00	0.48	72.64	75.72	219.35
951	26.79	3551	3001	2.86	32981	10	1108	26921	0.00	0.17	73.17	75.08	219.05
986	27.60	3573	3002	2.80	31958	12	6074	24344	0.00	0.92	71.65	79.33	224.77
