Avg_MHz	Busy%	Bzy_MHz	TSC_MHz	IPC	IRQ	POLL	C1	C2	POLL%	C1%	C2%	CorWatt	PkgWatt
902	25.15	3588	2987	3.40	7744	2	9	2581	0.00	0.03	74.51	75.51	217.03
904	25.18	3592	2991	3.42	6946	0	33	2689	0.00	0.05	74.56	75.98	219.55
922	25.40	3628	3023	3.50	6717	0	6	2239	0.00	0.00	75.18	78.34	225.90
921	25.73	3580	2998	3.44	14164	4	1586	7539	0.00	0.22	74.05	78.33	222.92
910	25.31	3596	3001	3.48	7050	0	60	2729	0.00	0.05	74.67	77.35	222.20
904	25.14	3595	2992	3.50	6667	0	7	2332	0.00	0.01	74.68	77.04	220.11
917	25.33	3619	3011	3.42	6784	0	13	2318	0.00	0.02	74.95	77.02	224.46
900	25.13	3583	2985	3.46	6746	2	64	2486	0.00	0.08	74.43	76.17	219.90
927	25.80	3594	3011	3.40	12120	2	791	7313	0.00	0.18	74.34	78.05	223.06
907	25.28	3586	2993	3.47	7144	0	42	2882	0.00	0.08	74.49	76.85	218.70
915	25.43	3599	3009	3.51	7222	0	46	2841	0.00	0.04	74.78	78.03	225.36
897	25.13	3568	2976	3.48	6812	0	19	2541	0.00	0.02	74.27	76.07	217.32
908	25.24	3598	2999	3.50	6914	4	21	2477	0.00	0.01	74.75	77.28	223.41
930	25.83	3601	3017	3.40	11837	6	1268	7002	0.00	0.14	74.48	78.31	221.80
907	25.24	3594	2997	3.48	7156	1	36	2805	0.00	0.03	74.67	77.01	220.72
911	25.28	3605	3004	3.44	6894	2	40	2581	0.00	0.02	74.80	76.79	221.26
910	25.33	3593	3001	3.49	7181	1	45	2804	0.00	0.11	74.60	77.35	222.72
914	25.36	3605	3007	3.48	7276	0	28	2944	0.00	0.04	74.79	77.55	222.80
917	25.61	3579	2998	3.50	11135	2	795	6415	0.00	0.14	74.25	78.28	223.59
909	25.27	3598	3000	3.50	6850	1	40	2626	0.00	0.06	74.69	77.33	220.99
914	25.41	3597	3002	3.41	8186	0	70	3820	0.00	0.08	74.58	76.79	222.12
906	25.21	3594	2994	3.46	6812	1	11	2466	0.00	0.01	74.65	76.99	219.31
905	25.19	3593	2992	3.45	6833	0	44	2429	0.00	0.04	74.59	76.52	219.47
924	25.71	3596	3010	3.44	11800	3	634	7031	0.00	0.23	74.35	78.45	224.93
899	25.06	3588	2985	3.46	6551	0	7	2250	0.00	0.00	74.57	76.23	219.34
919	25.39	3621	3018	3.53	6877	0	14	2447	0.00	0.01	75.07	78.80	226.89
908	25.44	3569	2991	3.44	8460	0	198	3608	0.00	0.13	74.23	76.57	217.78
916	25.32	3617	3010	3.43	7071	0	13	2654	0.00	0.01	74.94	77.29	224.08
915	25.57	3578	2992	3.41	11835	2	619	7282	0.00	0.15	74.13	77.33	220.24
903	25.15	3589	2987	3.42	6988	2	23	2537	0.00	0.02	74.54	76.00	221.55
906	25.17	3599	2996	3.49	6704	0	22	2375	0.00	0.02	74.71	77.10	219.20
921	25.44	3622	3019	3.48	6936	0	13	2456	0.00	0.03	75.01	78.33	224.41
910	25.28	3601	3001	3.48	6870	2	41	2464	0.00	0.04	74.71	77.39	221.25
924	25.91	3567	3004	3.46	11411	0	1397	5259	0.00	0.18	74.03	78.14	223.52
918	26.00	3529	2976	3.34	14075	3	2423	8298	0.00	0.39	73.06	76.65	219.30
948	26.44	3587	3027	3.37	16797	8	3147	9534	0.00	0.45	73.82	80.10	227.79
922	26.04	3542	2977	3.36	25517	10	3627	19822	0.00	0.52	72.94	78.51	224.35
930	25.60	3635	3026	3.45	10537	5	1215	4571	0.00	0.24	74.84	79.15	225.58
912	25.38	3593	3001	3.50	8904	6	1059	4198	0.00	0.16	74.51	77.86	222.75
918	25.64	3582	2999	3.46	11959	1	638	7417	0.00	0.10	74.27	78.21	222.96
922	25.69	3588	3001	3.43	14342	5	2582	8694	0.00	0.41	73.97	78.08	223.28
927	25.89	3580	3000	3.35	11176	1	869	5655	0.00	0.17	73.99	77.20	222.26
929	25.91	3587	2999	3.34	18327	3	290	13808	0.00	0.10	74.00	78.49	224.42
266	7.56	3516	3000	1.86	19946	4	251	16476	0.00	0.05	92.46	18.62	148.04
19	0.97	1946	3002	0.75	14671	8	749	13744	0.00	0.13	99.01	1.49	115.45
19	0.81	2300	2998	0.69	14285	8	524	13576	0.00	0.10	99.09	1.49	115.66
19	1.25	1525	3000	0.96	16167	11	655	14822	0.00	0.14	98.67	0.83	113.21
15	1.00	1499	3000	0.84	14916	13	297	14361	0.00	0.05	99.02	0.63	110.23
14	0.95	1504	3000	0.81	14390	4	459	13871	0.00	0.07	99.03	0.59	110.18
14	0.93	1504	3000	0.82	14542	5	265	14070	0.00	0.03	99.09	0.63	110.17
25	1.27	1984	3000	0.67	18475	12	2517	16430	0.00	0.28	98.51	1.56	117.19
14	0.94	1499	3000	0.81	14951	13	328	14459	0.00	0.07	99.06	0.55	110.01
14	0.93	1496	3000	0.81	15101	7	421	14499	0.00	0.07	99.07	0.58	110.11
14	0.96	1499	3000	0.79	15770	11	394	15125	0.00	0.12	98.98	0.55	109.94
22	1.33	1653	3000	0.78	18131	11	1274	16935	0.00	0.19	98.55	1.20	116.52
25	1.30	1924	2999	0.65	19258	12	2277	17333	0.00	0.25	98.51	1.58	118.44
14	0.95	1501	3000	0.88	14665	4	359	14237	0.00	0.09	99.02	0.62	109.98
15	1.02	1500	3001	0.81	15621	6	212	15107	0.00	0.04	99.02	0.69	111.47
14	0.90	1499	3000	0.82	14888	4	348	14456	0.00	0.06	99.11	0.58	109.96
30	1.26	2392	3003	0.67	22457	13	2130	20268	0.00	0.35	98.57	2.65	114.64
120	4.04	2981	3000	0.81	54885	45	22501	36422	0.00	2.08	94.03	9.10	137.53
130	5.18	2517	2998	1.05	47174	36	18751	31744	0.00	1.70	93.19	9.27	144.31
122	4.35	2796	2998	0.84	48187	36	16976	33122	0.00	1.84	93.86	9.62	138.36
117	5.30	2203	3001	1.21	39433	19	12177	23966	0.00	1.37	93.47	7.14	143.88
56	2.00	2826	2999	0.86	22984	15	2512	17483	0.00	0.40	97.62	4.86	131.59
12	0.58	2018	3003	0.55	5290	2	1222	4682	0.00	0.21	99.34	0.67	95.77
10	0.59	1765	2998	1.11	4843	0	337	4396	0.00	0.06	99.31	0.55	106.77
3	0.19	1504	3001	0.54	1794	0	7	1743	0.00	0.01	99.85	0.08	81.06
4	0.25	1503	2999	0.80	1944	1	23	1636	0.00	0.06	99.69	0.11	84.58
4	0.26	1510	3000	0.77	1848	1	28	1742	0.00	0.03	99.73	0.12	81.56
3	0.22	1514	3000	0.83	1547	0	5	1501	0.00	0.00	99.79	0.11	83.38
13	0.62	2090	3000	0.61	6789	0	1010	5991	0.00	0.12	99.29	0.87	98.76
3	0.23	1508	3000	0.69	1766	0	21	1709	0.00	0.02	99.77	0.10	81.43
4	0.23	1743	3000	0.62	2632	2	41	2550	0.00	0.01	99.79	0.24	81.20
14	0.88	1563	2999	1.11	7194	6	2261	5403	0.00	0.29	98.82	0.53	94.21
4	0.27	1505	3001	0.83	1965	0	29	1865	0.00	0.03	99.74	0.12	85.72
15	0.75	1979	2999	0.73	7624	2	988	6489	0.00	0.16	99.07	0.88	104.58
4	0.29	1505	3001	0.86	2213	0	49	1737	0.00	0.07	99.71	0.12	84.36
3	0.21	1502	3000	0.86	1672	0	16	1620	0.00	0.01	99.80	0.10	81.85
13	0.63	2050	3001	0.72	6427	3	432	6122	0.00	0.07	99.38	0.88	90.10
13	0.68	1931	2998	0.95	8738	3	459	4783	0.00	0.19	99.08	0.95	105.78
13	0.63	2068	3000	0.60	6314	2	1325	5234	0.00	0.13	99.28	0.81	99.84
2	0.15	1504	3001	0.57	1485	0	6	1447	0.00	0.00	99.89	0.06	78.31
3	0.22	1501	3000	0.63	1964	0	29	1891	0.00	0.06	99.72	0.10	83.31
3	0.19	1502	3000	0.70	1668	0	13	1618	0.00	0.02	99.82	0.07	80.77
3	0.20	1501	3000	0.59	1737	0	5	1734	0.00	0.01	99.82	0.09	78.97
13	0.61	2101	2999	0.62	6808	2	855	6061	0.00	0.14	99.25	0.82	100.64
3	0.18	1505	3001	0.73	1462	1	17	1391	0.00	0.01	99.84	0.08	81.99
2	0.16	1503	3000	0.52	1627	0	8	1617	0.00	0.00	99.84	0.07	77.90
3	0.17	1504	3000	0.78	1370	0	9	1287	0.00	0.01	99.83	0.08	80.78
3	0.20	1500	3000	0.77	1569	0	4	1528	0.00	0.00	99.80	0.11	80.33
12	0.55	2125	3001	0.56	6405	2	635	6251	0.00	0.08	99.45	0.75	91.07
17	0.78	2221	2998	0.82	8757	161	379	1560	0.00	0.21	98.95	0.76	99.83
26	1.17	2184	3001	0.88	3617	5	146	1712	0.00	0.06	98.83	0.83	97.56
2	0.13	1521	2999	0.60	1320	0	2	1290	0.00	0.00	99.83	0.11	83.94
3	0.23	1503	3001	0.72	1703	0	35	1633	0.00	0.05	99.78	0.10	82.99
6	0.33	1836	3002	0.60	2572	0	293	2657	0.00	0.04	99.70	0.27	83.59
36	1.49	2436	2998	0.94	9859	5	1379	7015	0.00	0.23	98.24	2.18	120.15
37	1.73	2150	2999	1.71	3982	1	383	2661	0.00	0.14	98.10	2.35	110.98
4	0.25	1514	3001	0.66	1896	0	43	1805	0.00	0.02	99.79	0.11	82.30
3	0.17	1506	3001	0.64	1498	0	3	1461	0.00	0.00	99.87	0.07	78.44
3	0.23	1504	3000	0.70	1932	0	18	1873	0.00	0.05	99.74	0.10	81.10
13	0.63	2075	2999	0.59	6836	2	1280	5825	0.00	0.18	99.20	0.80	100.44
3	0.17	1510	3001	0.52	1715	2	5	1688	0.00	0.00	99.87	0.07	78.06
3	0.18	1505	3000	0.73	1485	0	11	1441	0.00	0.01	99.80	0.08	80.53
3	0.20	1499	3000	0.69	1722	0	15	1658	0.00	0.05	99.78	0.08	81.45
3	0.21	1504	3000	0.58	1254	0	2	1241	0.00	0.00	99.81	0.08	78.74
