Avg_MHz	Busy%	Bzy_MHz	TSC_MHz	IPC	IRQ	POLL	C1	C2	POLL%	C1%	C2%	CorWatt	PkgWatt
60	1.69	3574	3002	2.35	1531	0	3	1117	0.00	0.00	98.39	5.55	121.41
61	1.72	3538	3000	2.31	1591	0	6	1289	0.00	0.01	98.27	5.54	119.84
60	1.68	3574	3003	2.34	1594	0	2	1305	0.00	0.00	98.44	5.50	118.58
60	1.69	3559	2999	2.36	1623	0	4	1342	0.00	0.00	98.29	5.51	119.80
61	1.73	3519	3001	2.39	1883	0	28	1568	0.00	0.02	98.28	5.55	119.77
60	1.69	3563	3000	2.39	1446	0	3	1146	0.00	0.00	98.31	5.53	121.18
60	1.67	3581	3001	2.33	1321	0	4	1043	0.00	0.00	98.35	5.52	119.81
60	1.69	3569	2999	2.38	1447	0	4	1150	0.00	0.00	98.29	5.49	119.72
61	1.74	3499	3001	2.31	1925	0	15	1626	0.00	0.01	98.30	5.53	118.46
60	1.71	3537	2999	2.38	1623	1	4	1335	0.00	0.00	98.26	5.53	119.67
61	1.73	3518	3001	2.35	1740	0	8	1458	0.00	0.01	98.32	5.60	118.08
61	1.78	3460	2999	2.31	2108	0	8	1772	0.00	0.01	98.19	5.58	120.27
64	1.85	3455	3004	2.33	3469	1	22	2992	0.00	0.02	98.26	5.89	119.27
62	1.74	3562	3001	2.31	1422	0	2	1099	0.00	0.00	98.28	5.67	120.00
147	4.50	3280	2998	1.97	13719	1	132	3344	0.00	0.05	95.43	11.97	133.71
69	2.10	3284	3000	2.17	4821	1	44	4229	0.00	0.03	97.90	6.15	127.50
61	1.71	3554	3000	2.36	1554	0	6	1240	0.00	0.00	98.29	5.55	118.45
60	1.70	3549	3001	2.33	1596	0	4	1310	0.00	0.00	98.33	5.53	119.85
60	1.69	3558	3000	2.32	1608	0	3	1287	0.00	0.00	98.32	5.52	117.13
61	1.73	3516	3000	2.35	1773	0	4	1482	0.00	0.00	98.28	5.53	118.36
67	1.97	3383	2999	2.16	3509	0	18	3075	0.00	0.01	98.01	6.01	125.31
60	1.68	3571	3001	2.38	1435	0	6	1141	0.00	0.00	98.36	5.55	121.31
60	1.70	3547	3000	2.37	1737	0	4	1466	0.00	0.00	98.30	5.57	119.73
60	1.70	3552	2999	2.37	1705	0	4	1418	0.00	0.00	98.29	5.58	122.56
60	1.69	3562	3000	2.35	1374	0	1	1103	0.00	0.00	98.33	5.53	121.20
67	2.00	3358	3000	2.17	3583	0	26	3110	0.00	0.01	98.01	6.01	124.90
60	1.70	3559	3000	2.33	1673	0	8	1373	0.00	0.01	98.29	5.55	118.50
72	2.19	3278	3001	2.09	4100	1	49	3429	0.00	0.06	97.80	6.30	129.74
61	1.74	3510	2999	2.30	1954	0	27	1610	0.00	0.06	98.19	5.59	120.43
65	1.98	3259	3000	2.28	2541	0	30	1812	0.00	0.06	97.98	5.72	121.61
87	2.69	3238	3001	2.06	5974	1	257	3192	0.00	0.09	97.25	7.31	126.35
81	2.31	3530	2999	2.14	2560	0	116	1232	0.00	0.08	97.60	6.85	125.85
82	2.31	3547	3000	2.09	2776	0	39	1532	0.00	0.15	97.55	6.78	122.31
61	1.72	3523	3001	2.33	1671	0	39	1290	0.00	0.15	98.17	5.49	120.65
61	1.72	3528	3000	2.31	1883	0	5	1595	0.00	0.00	98.29	5.48	118.80
66	1.87	3537	3003	2.18	2405	0	19	2043	0.00	0.00	98.23	5.87	122.32
62	1.75	3517	2997	2.29	2370	0	39	2005	0.00	0.06	98.10	5.65	119.56
60	1.70	3538	3000	2.25	1661	0	6	1367	0.00	0.00	98.31	5.23	119.52
60	1.70	3554	3000	2.22	1635	0	4	1354	0.00	0.00	98.31	4.87	124.40
61	1.75	3495	3000	2.23	1735	0	3	1408	0.00	0.00	98.27	4.95	126.00
62	1.73	3559	3001	2.21	1635	1	9	1345	0.00	0.00	98.29	5.02	126.57
67	1.95	3424	2999	2.11	4035	4	44	3610	0.00	0.05	97.99	5.44	129.20
61	1.73	3524	3000	2.23	2019	0	20	1695	0.00	0.02	98.26	4.94	124.34
60	1.69	3564	3000	2.29	1445	0	3	1162	0.00	0.00	98.32	4.94	121.60
60	1.71	3545	3000	2.24	1729	1	8	1426	0.00	0.00	98.30	4.91	125.02
61	1.72	3540	3000	2.26	1761	0	12	1430	0.00	0.06	98.23	4.90	125.57
67	1.98	3399	3000	2.13	3665	0	33	3233	0.00	0.02	98.02	5.39	130.96
70	2.07	3371	3000	2.19	2836	0	146	2006	0.00	0.04	97.89	5.59	128.65
62	1.76	3503	3000	2.24	1927	0	3	1571	0.00	0.00	98.26	5.00	124.35
61	1.76	3486	3000	2.28	1783	0	2	1466	0.00	0.00	98.25	4.98	124.58
60	1.70	3553	3000	2.28	1727	0	6	1432	0.00	0.00	98.31	4.89	124.40
60	1.70	3556	3000	2.32	1629	0	4	1353	0.00	0.00	98.32	4.97	123.63
60	1.70	3559	2999	2.26	1643	0	7	1349	0.00	0.01	98.29	4.96	123.09
60	1.70	3555	3000	2.34	1594	0	1	1317	0.00	0.00	98.31	4.99	124.23
61	1.71	3543	3000	2.30	1739	0	3	1447	0.00	0.00	98.31	4.98	123.03
60	1.70	3558	3000	2.32	1611	0	5	1335	0.00	0.00	98.32	4.98	119.09
60	1.70	3553	2999	2.28	1695	0	11	1371	0.00	0.01	98.27	4.98	124.51
61	1.71	3540	3001	2.27	1616	0	6	1304	0.00	0.00	98.34	4.97	121.71
60	1.70	3548	2999	2.33	1695	0	2	1419	0.00	0.00	98.28	5.02	122.86
61	1.75	3496	3000	2.30	1668	0	6	1372	0.00	0.00	98.25	5.07	124.88
60	1.68	3575	3001	2.31	1440	0	8	1155	0.00	0.00	98.36	5.00	122.46
60	1.69	3564	2999	2.38	1553	0	2	1270	0.00	0.00	98.30	4.98	123.81
60	1.70	3553	3000	2.41	1665	0	5	1381	0.00	0.00	98.32	4.99	123.38
60	1.70	3555	3000	2.30	1609	0	28	1305	0.00	0.06	98.25	4.98	125.05
60	1.69	3564	3000	2.35	1479	0	2	1202	0.00	0.00	98.32	5.00	122.65
61	1.72	3528	3000	2.36	1684	0	4	1357	0.00	0.00	98.30	5.00	124.39
68	1.99	3404	3001	2.15	4119	0	45	3673	0.00	0.02	98.05	5.53	128.15
61	1.75	3499	2999	2.30	1941	0	5	1620	0.00	0.00	98.23	5.04	123.43
63	1.81	3498	2999	2.24	2184	1	2	1871	0.00	0.00	98.18	5.19	122.52
70	2.22	3159	3001	2.13	6926	0	61	6467	0.00	0.01	97.84	5.65	123.39
66	1.98	3360	2999	2.17	3755	1	64	3324	0.00	0.03	97.98	5.44	127.63
65	1.93	3393	3002	2.14	3144	0	22	2822	0.00	0.05	98.10	5.26	124.42
63	1.83	3469	2999	2.20	3081	2	24	2614	0.00	0.01	98.14	5.22	124.61
64	1.84	3466	3001	2.25	2300	0	10	1943	0.00	0.00	98.21	5.17	121.20
61	1.74	3508	2999	2.30	2071	0	11	1747	0.00	0.01	98.21	5.06	118.36
70	2.10	3332	3001	2.14	4221	0	27	2780	0.00	0.04	97.92	5.64	126.48
60	1.68	3573	2999	2.32	1496	0	3	1201	0.00	0.00	98.29	5.08	121.02
69	2.07	3338	2999	2.14	4579	0	56	4091	0.00	0.04	97.89	5.62	124.56
61	1.72	3535	3001	2.33	1638	0	3	1330	0.00	0.00	98.32	5.02	123.21
62	1.80	3436	3000	2.29	2348	0	39	1746	0.00	0.03	98.18	5.04	118.98
66	1.96	3348	3000	2.17	2940	0	25	2474	0.00	0.01	98.04	5.33	122.65
60	1.70	3550	3001	2.35	1665	0	6	1384	0.00	0.00	98.34	4.98	119.52
66	2.05	3230	3004	2.12	772	0	3	717	0.00	0.00	98.11	5.11	123.07
