Avg_MHz	Busy%	Bzy_MHz	TSC_MHz	IPC	IRQ	POLL	C1	C2	POLL%	C1%	C2%	CorWatt	PkgWatt
931	25.26	3685	3009	2.79	6718	0	7	2356	0.00	0.02	74.95	72.90	201.33
927	25.23	3673	3001	2.81	6490	0	15	2234	0.00	0.05	74.77	72.63	203.62
927	25.23	3672	3001	2.81	6408	0	16	2213	0.00	0.06	74.76	72.79	200.48
921	25.11	3667	2991	2.75	25370	0	5	2259	0.00	0.00	74.68	71.54	199.60
957	26.05	3674	3003	2.69	9067	0	13	2839	0.00	0.05	74.00	73.94	209.36
928	25.22	3679	2998	2.56	8659	0	3	2341	0.00	0.00	74.75	69.47	198.64
938	25.67	3653	3003	2.71	29530	2	1534	6430	0.00	0.18	74.25	72.46	204.39
923	25.21	3661	2994	2.84	34864	0	35	2397	0.00	0.07	74.60	73.16	203.27
939	25.66	3659	3004	2.69	102643	1	871	5666	0.00	0.11	74.37	72.64	205.89
932	25.27	3687	3008	2.76	28905	1	8	2422	0.00	0.01	74.95	72.75	202.85
928	25.23	3676	3000	2.73	63860	0	15	2408	0.00	0.01	74.77	72.25	201.64
931	25.60	3638	2989	2.75	25367	2	1357	7460	0.00	0.20	73.97	73.18	204.85
932	25.33	3678	3002	2.72	116450	0	16	2835	0.00	0.05	74.69	72.13	201.01
932	25.36	3674	3005	2.77	7218	0	13	2731	0.00	0.03	74.76	72.96	201.54
946	26.14	3617	2988	2.65	16684	1	253	2503	0.00	0.15	73.44	71.68	203.05
935	25.39	3684	3013	2.82	29818	0	21	2588	0.00	0.04	74.91	73.82	205.38
940	25.70	3657	3004	2.79	26503	2	2025	5675	0.00	0.19	74.24	74.12	207.15
935	25.58	3654	3001	2.78	17072	1	904	5141	0.00	0.11	74.36	73.57	207.36
933	25.37	3679	2999	2.67	100405	0	8	2544	0.00	0.00	74.62	71.73	200.32
930	25.27	3680	3000	2.54	54038	1	31	2301	0.00	0.05	74.70	69.37	198.54
962	26.13	3680	3000	2.50	1287745	0	9	3223	0.00	0.01	73.88	70.72	199.88
936	25.60	3655	3000	2.73	11700	3	1477	6183	0.00	0.21	74.23	72.84	206.41
927	25.25	3672	3000	2.78	7129	1	35	2243	0.00	0.08	74.70	72.62	201.19
928	25.28	3671	3000	2.73	17293	0	57	2597	0.00	0.13	74.61	72.00	200.43
927	25.32	3663	3000	2.83	20488	1	21	2768	0.00	0.02	74.67	73.35	202.22
928	25.34	3663	3000	2.79	14103	1	62	2738	0.00	0.12	74.58	72.93	203.41
937	25.71	3643	2999	2.78	29299	3	859	7207	0.00	0.11	74.19	73.80	205.82
929	25.32	3670	3000	2.71	11356	0	28	2742	0.00	0.05	74.65	71.94	201.72
926	25.22	3673	2999	2.80	17833	0	14	2313	0.00	0.03	74.75	72.81	201.60
927	25.22	3675	3000	2.76	9149	2	27	2245	0.00	0.10	74.71	72.24	202.33
959	26.50	3618	2998	2.72	18684	27	1092	5698	0.00	0.17	73.31	73.74	210.04
958	26.37	3632	3002	2.67	28579	10	621	5366	0.00	0.24	73.47	73.19	208.25
931	25.39	3666	3000	2.72	27885	9	405	3978	0.00	0.12	74.51	72.27	202.71
926	25.18	3678	3000	2.81	57291	0	7	2121	0.00	0.01	74.84	73.22	203.48
926	25.22	3671	2999	2.79	47111	0	9	2255	0.00	0.01	74.75	72.74	201.75
927	25.22	3676	3001	2.77	22558	1	30	2144	0.00	0.06	74.75	72.59	202.31
927	25.19	3679	2999	2.73	11059	0	16	2260	0.00	0.05	74.77	72.00	200.34
929	25.37	3663	3000	2.82	11747	1	23	2475	0.00	0.03	74.63	73.28	203.65
926	25.23	3672	2999	2.74	8226	0	27	2338	0.00	0.06	74.70	72.04	200.62
928	25.20	3683	3002	2.60	31222	0	8	2121	0.00	0.01	74.85	70.02	199.27
926	25.22	3673	2999	2.71	6379	1	36	2157	0.00	0.14	74.63	71.50	199.48
938	25.65	3655	3001	2.73	11664	7	2036	5991	0.00	0.24	74.16	73.03	206.50
925	25.23	3667	3000	2.90	6682	0	9	2351	0.00	0.00	74.78	73.99	202.70
934	25.57	3654	3001	2.80	10011	1	723	5391	0.00	0.13	74.34	73.47	206.74
931	25.43	3662	3002	2.78	70364	0	39	2982	0.00	0.10	74.53	72.75	201.57
931	25.44	3660	2999	2.76	9601	1	627	4901	0.00	0.09	74.46	72.70	204.08
935	25.59	3655	2999	2.76	11189	4	1661	6125	0.00	0.20	74.21	73.13	205.19
927	25.25	3671	3001	2.81	15482	0	23	2399	0.00	0.02	74.77	72.89	202.89
925	25.21	3671	2999	2.78	6658	0	18	2336	0.00	0.03	74.76	72.53	201.08
926	25.22	3673	3000	2.76	7828	0	2	2229	0.00	0.00	74.80	72.15	202.04
934	25.44	3672	2999	2.73	350919	2	23	2392	0.00	0.02	74.54	72.25	201.09
925	25.23	3666	3000	2.90	13384	0	14	2129	0.00	0.05	74.74	74.05	204.88
927	25.24	3671	3000	2.77	36682	0	9	2266	0.00	0.01	74.75	72.30	201.04
926	25.22	3673	3000	2.79	7319	0	15	2224	0.00	0.05	74.75	72.63	202.97
926	25.20	3673	3000	2.79	18570	0	26	2241	0.00	0.10	74.72	72.54	201.12
926	25.22	3671	3000	2.79	6544	0	4	2306	0.00	0.02	74.79	72.60	202.88
926	25.22	3671	2999	2.79	10633	2	23	2256	0.00	0.03	74.75	72.72	201.13
926	25.20	3675	3000	2.81	6510	0	9	2228	0.00	0.00	74.82	72.83	203.11
927	25.25	3671	2999	2.73	6893	0	13	2510	0.00	0.02	74.73	71.91	200.28
926	25.22	3670	3001	2.85	6259	0	14	1990	0.00	0.05	74.77	73.61	202.36
925	25.19	3671	3000	2.87	6531	0	7	2278	0.00	0.01	74.82	73.76	202.28
926	25.23	3671	3000	2.81	8848	0	7	2494	0.00	0.02	74.77	72.87	202.78
926	25.21	3672	2999	2.76	10553	0	7	2086	0.00	0.01	74.77	72.21	200.32
926	25.18	3677	3002	2.81	6457	0	0	2119	0.00	0.00	74.87	73.04	203.02
926	25.22	3671	2999	2.77	7010	0	26	2248	0.00	0.11	74.66	72.50	201.14
926	25.23	3671	3001	2.81	10982	1	6	2101	0.00	0.00	74.80	73.09	203.11
925	25.18	3675	3000	2.77	6765	0	8	2107	0.00	0.00	74.82	72.39	200.77
927	25.23	3674	3000	2.73	7108	0	12	2278	0.00	0.04	74.74	71.94	200.18
925	25.23	3668	3000	2.89	8938	0	19	2313	0.00	0.02	74.77	74.07	202.87
925	25.19	3674	3001	2.83	6396	0	4	2101	0.00	0.00	74.85	73.12	201.88
926	25.23	3670	2999	2.79	6672	0	18	2418	0.00	0.03	74.74	72.78	201.05
927	25.23	3672	3001	2.78	6587	0	14	2262	0.00	0.02	74.78	72.66	202.45
925	25.20	3669	2999	2.82	15104	0	5	2196	0.00	0.00	74.78	72.81	201.43
926	25.22	3672	3001	2.78	7455	6	18	2198	0.00	0.01	74.81	72.41	201.92
926	25.23	3669	3000	2.79	7111	0	13	2436	0.00	0.05	74.73	72.49	201.24
926	25.18	3676	3001	2.76	6280	1	8	2030	0.00	0.00	74.85	72.06	201.72
926	25.25	3668	2999	2.80	31745	0	15	2202	0.00	0.03	74.72	72.76	201.11
926	25.23	3669	3000	2.84	7049	0	11	2223	0.00	0.02	74.78	73.24	202.88
957	25.98	3684	3000	2.50	1309621	2	15	2562	0.00	0.04	74.01	70.28	198.30
941	25.64	3671	3000	2.63	602705	1	24	3875	0.00	0.02	74.38	71.27	199.16
925	25.22	3668	2999	2.78	6498	0	32	2260	0.00	0.11	74.67	72.38	200.62
924	25.19	3670	3000	2.81	6413	0	5	2153	0.00	0.00	74.81	72.67	202.33
933	25.64	3638	2989	2.76	136114	2	1462	7233	0.00	0.25	73.87	73.10	203.45
933	25.35	3680	3012	2.81	6677	0	24	2399	0.00	0.04	74.93	73.18	204.51
941	26.14	3599	2986	2.72	36925	9	1655	20011	0.00	0.32	73.28	73.54	201.94
942	25.71	3666	3008	2.78	14891	11	3783	8036	0.00	0.44	74.10	74.18	204.92
930	25.38	3663	3003	2.88	9209	0	371	4708	0.00	0.05	74.66	74.23	203.08
930	25.58	3635	2991	2.77	11951	3	693	7365	0.00	0.15	74.09	72.76	205.79
931	25.30	3679	3008	2.80	12967	0	5	2212	0.00	0.00	74.92	72.99	201.39
938	25.59	3666	3003	2.77	16992	6	2291	8066	0.00	0.38	74.14	73.75	205.48
936	25.67	3646	2999	2.78	12560	1	1804	7112	0.00	0.22	74.13	73.58	205.47
926	25.21	3672	3001	2.78	6562	0	10	2186	0.00	0.02	74.82	72.45	202.08
934	25.55	3655	3001	2.78	13982	2	531	5734	0.00	0.15	74.36	73.26	203.94
928	25.32	3664	2998	2.75	8167	0	275	3425	0.00	0.11	74.55	72.22	201.62
924	25.20	3669	2999	2.89	6552	0	8	2284	0.00	0.02	74.78	73.84	202.18
929	25.37	3661	3001	2.81	6813	1	57	2444	0.00	0.10	74.58	72.83	203.86
926	25.24	3668	2999	2.82	6891	0	9	2517	0.00	0.01	74.75	72.90	200.76
928	25.28	3671	3001	2.76	6686	0	89	2587	0.00	0.01	74.75	72.35	202.74
932	25.52	3653	2998	2.82	14948	2	1358	5685	0.00	0.21	74.26	73.74	204.70
927	25.26	3669	3001	2.78	6745	1	19	2408	0.00	0.02	74.77	72.30	202.08
925	25.21	3669	3000	2.81	6708	0	13	2392	0.00	0.00	74.79	72.71	200.78
927	25.32	3661	3000	2.78	9649	0	42	2554	0.00	0.06	74.64	72.44	200.45
785	21.36	3674	2999	2.36	24455	0	34	2586	0.00	0.11	78.53	56.66	180.47
108	3.18	3407	3000	0.94	431204	0	7	5447	0.00	0.00	96.88	5.10	124.51
34	1.13	3020	3000	0.82	87968	1	59	4925	0.00	0.05	98.87	1.73	100.40
16	0.95	1710	3000	0.70	13414	3	1458	12599	0.00	0.27	98.82	0.82	99.18
24	1.48	1598	3000	0.81	18077	9	2451	15861	0.00	0.38	98.21	1.08	112.36
62	1.81	3424	2999	0.94	2858	1	21	2538	0.00	0.06	98.13	3.48	120.06
80	2.28	3515	3001	0.99	3115	0	17	2025	0.00	0.06	97.70	4.68	125.90
72	2.14	3354	3000	0.92	7772	2	1056	6190	0.00	0.16	97.72	4.38	128.57
62	1.83	3404	3000	1.06	2828	1	27	2476	0.00	0.04	98.14	3.57	123.13
62	1.80	3440	3001	1.05	2339	0	10	2029	0.00	0.01	98.25	3.60	129.68
63	1.84	3394	3000	0.24	4818	0	4	4518	0.00	0.00	98.20	3.14	166.66
64	1.92	3314	2999	0.34	5160	0	9	4815	0.00	0.01	98.07	2.35	149.24
74	2.32	3192	3004	0.33	12575	1	1271	8305	0.00	0.24	97.63	2.91	147.61
66	1.97	3360	2998	0.38	7414	3	609	6781	0.00	0.10	97.90	2.84	151.05
64	1.91	3324	3000	0.30	4778	0	22	4435	0.00	0.04	98.08	2.23	145.23
63	1.86	3378	2999	0.55	4248	0	6	3933	0.00	0.01	98.15	3.56	154.38
831	23.02	3612	3001	3.31	5952	0	39	2026	0.00	0.02	77.00	69.68	197.52
910	25.23	3605	3000	3.49	6639	1	43	2314	0.00	0.05	74.74	77.84	206.30
917	25.71	3565	2999	3.43	13644	4	244	3662	0.00	0.12	74.17	77.61	206.44
911	25.20	3616	3001	3.34	6624	0	12	2269	0.00	0.01	74.83	76.33	206.23
911	25.33	3597	2999	3.40	12648	1	35	2573	0.00	0.11	74.56	76.97	206.80
916	25.44	3602	3001	3.38	282109	0	12	2696	0.00	0.05	74.55	76.93	207.35
911	25.20	3614	3000	3.36	6328	0	4	2133	0.00	0.00	74.83	76.56	204.94
909	25.25	3600	3000	3.52	7869	0	20	2744	0.00	0.05	74.72	78.59	207.15
908	25.23	3598	2998	3.44	6791	0	25	2459	0.00	0.06	74.68	77.18	205.63
909	25.21	3605	3002	3.49	6586	0	15	2400	0.00	0.04	74.81	77.93	206.95
909	25.21	3606	3000	3.36	6418	0	6	2213	0.00	0.02	74.78	76.31	204.94
909	25.23	3604	3000	3.42	6516	0	21	2303	0.00	0.06	74.74	77.11	206.08
918	25.61	3586	2999	3.38	11746	2	1119	6993	0.00	0.24	74.17	77.54	209.90
910	25.25	3605	3001	3.36	6872	0	23	2480	0.00	0.07	74.71	76.45	206.52
909	25.30	3595	3000	3.53	6797	0	31	2441	0.00	0.04	74.68	78.61	207.11
915	25.51	3585	3000	3.46	9912	1	1163	5003	0.00	0.12	74.40	78.27	210.30
910	25.23	3605	3000	3.39	6707	0	22	2398	0.00	0.02	74.77	76.78	205.44
919	25.66	3583	3000	3.37	13120	2	739	7531	0.00	0.17	74.20	77.70	210.78
907	25.19	3600	2996	3.44	6922	0	14	2288	0.00	0.05	74.69	77.34	205.67
916	25.27	3625	3004	3.13	70579	0	15	2362	0.00	0.03	74.82	74.29	204.64
911	25.24	3607	2999	3.35	7836	0	9	2618	0.00	0.02	74.73	76.70	205.28
918	25.70	3570	3001	3.45	31457	1	355	3658	0.00	0.09	74.24	78.32	210.06
934	25.97	3598	2999	3.23	373893	3	654	7397	0.00	0.15	73.90	77.50	209.44
938	25.87	3626	3001	3.02	796322	0	29	3967	0.00	0.02	74.17	74.56	204.61
922	25.44	3623	3000	3.20	252399	0	1	2474	0.00	0.00	74.58	76.06	204.96
914	25.23	3623	3000	3.29	119456	0	4	2335	0.00	0.01	74.78	76.88	205.79
911	25.22	3614	2998	3.33	46487	0	27	2284	0.00	0.06	74.70	76.75	205.77
925	25.65	3606	3002	3.26	27836	0	652	8146	0.00	0.11	74.33	77.54	209.43
921	25.51	3612	2999	3.31	409596	1	33	2361	0.00	0.14	74.35	77.06	206.60
921	25.49	3613	3000	3.32	196563	0	28	2985	0.00	0.02	74.50	77.27	207.70
914	25.20	3629	2999	3.12	57383	1	14	2238	0.00	0.02	74.78	74.42	202.91
911	25.25	3610	3002	3.32	7273	0	7	2512	0.00	0.01	74.80	76.11	206.53
919	25.57	3594	3002	3.36	13752	0	712	5224	0.00	0.15	74.35	77.54	208.40
910	25.27	3601	2998	3.42	8226	0	425	3563	0.00	0.07	74.64	77.28	207.53
910	25.23	3608	2999	3.36	10920	0	28	2367	0.00	0.06	74.71	76.66	205.53
908	25.24	3597	3001	3.48	6967	2	13	2376	0.00	0.05	74.76	77.54	208.63
915	25.56	3579	2999	3.46	17143	2	264	4189	0.00	0.06	74.38	78.45	206.77
912	25.26	3610	3001	3.35	12828	1	32	2418	0.00	0.03	74.76	76.65	207.01
911	25.24	3609	2999	3.34	19008	1	14	2405	0.00	0.00	74.74	76.49	204.76
910	25.20	3611	3001	3.43	6794	0	5	2523	0.00	0.00	74.84	77.61	206.51
940	26.22	3585	3023	3.20	1225	0	3	930	0.00	0.00	74.45	76.47	210.48
