Avg_MHz	Busy%	Bzy_MHz	TSC_MHz	IPC	IRQ	POLL	C1	C2	POLL%	C1%	C2%	CorWatt	PkgWatt
61	1.72	3542	3002	2.85	1929	0	7	1546	0.00	0.00	98.37	4.66	117.31
61	1.71	3540	3000	2.86	1648	0	2	1357	0.00	0.00	98.31	4.64	117.18
60	1.70	3552	2997	2.83	1695	0	3	1422	0.00	0.00	98.22	4.62	116.96
60	1.69	3560	3001	2.85	1637	0	2	1354	0.00	0.00	98.34	4.66	115.79
61	1.72	3528	3001	2.83	1623	0	4	1343	0.00	0.00	98.32	4.64	118.60
60	1.70	3556	2999	2.84	1662	0	5	1372	0.00	0.00	98.28	4.60	118.35
61	1.72	3534	3001	2.89	1808	0	3	1524	0.00	0.00	98.33	4.66	119.96
61	1.71	3537	2999	2.85	1779	0	4	1490	0.00	0.00	98.27	4.62	118.37
60	1.69	3556	3001	2.77	1445	0	2	1167	0.00	0.00	98.34	4.48	118.26
76	2.38	3201	3000	2.33	6370	1	97	5565	0.00	0.02	97.64	5.63	126.94
60	1.70	3549	3001	2.76	1599	0	6	1325	0.00	0.00	98.34	4.43	118.58
61	1.72	3523	3000	2.80	1794	1	2	1505	0.00	0.00	98.29	4.49	117.35
60	1.69	3554	3000	2.85	1518	0	12	1232	0.00	0.04	98.26	4.51	116.43
61	1.71	3536	3000	2.85	1832	0	12	1543	0.00	0.01	98.30	4.52	119.67
69	2.14	3229	3000	2.61	4760	1	59	4074	0.00	0.02	97.85	5.13	126.15
61	1.74	3501	3000	2.86	1980	0	16	1655	0.00	0.04	98.24	4.58	116.92
62	1.80	3437	3001	2.84	2068	0	9	1697	0.00	0.01	98.23	4.59	115.69
60	1.71	3535	2999	2.85	1773	0	8	1477	0.00	0.00	98.27	4.54	116.84
61	1.75	3497	3001	2.91	2100	0	21	1802	0.00	0.01	98.29	4.61	117.09
68	2.08	3279	2999	2.66	3968	0	28	3482	0.00	0.02	97.89	5.10	124.69
61	1.72	3528	3000	2.93	1561	0	4	1273	0.00	0.00	98.30	4.59	116.99
61	1.74	3501	3000	2.88	2006	0	12	1638	0.00	0.00	98.28	4.61	116.94
61	1.76	3478	3000	2.91	1969	1	16	1653	0.00	0.02	98.24	4.63	118.32
61	1.73	3516	2999	2.90	1879	0	8	1578	0.00	0.01	98.26	4.60	116.93
68	2.04	3314	3000	2.72	3927	0	32	3373	0.00	0.02	97.96	5.10	123.42
64	1.90	3393	3000	2.81	2826	0	14	2479	0.00	0.00	98.12	4.87	121.67
61	1.72	3531	3000	2.91	1810	0	8	1514	0.00	0.01	98.29	4.60	116.92
61	1.72	3524	3000	2.89	1692	1	17	1399	0.00	0.02	98.28	4.62	116.96
61	1.71	3532	3000	2.92	1699	0	5	1405	0.00	0.01	98.29	4.63	117.05
67	2.01	3346	3000	2.70	3964	1	37	3514	0.00	0.02	97.99	5.15	123.41
62	1.84	3395	3000	2.89	2404	0	35	1957	0.00	0.04	98.13	4.74	115.76
61	1.76	3477	3000	2.93	1908	0	13	1625	0.00	0.01	98.24	4.64	118.33
61	1.72	3524	3000	2.94	1860	0	5	1521	0.00	0.01	98.30	4.61	116.98
61	1.74	3507	3000	2.88	1768	0	12	1424	0.00	0.02	98.25	4.62	117.82
66	1.97	3366	3001	2.70	3006	3	15	2704	0.00	0.01	98.09	4.99	121.23
62	1.77	3494	2998	2.86	2853	2	34	2394	0.00	0.03	98.16	4.83	118.71
61	1.72	3547	3000	2.87	1723	0	8	1318	0.00	0.01	98.28	4.58	115.47
61	1.75	3492	3000	2.89	1845	0	13	1483	0.00	0.00	98.27	4.61	118.33
60	1.70	3544	3001	2.88	1660	0	8	1368	0.00	0.00	98.32	4.60	118.36
62	1.80	3458	3001	2.85	2164	1	18	1773	0.00	0.02	98.21	4.71	126.07
71	2.18	3243	2998	2.56	5631	0	90	4969	0.00	0.07	97.73	5.36	127.48
61	1.75	3490	3000	2.91	1785	0	7	1494	0.00	0.01	98.27	4.63	122.47
61	1.75	3485	3000	2.89	2002	0	2	1684	0.00	0.00	98.24	4.62	122.43
64	1.89	3405	3000	2.78	2718	0	15	2371	0.00	0.02	98.12	4.85	120.39
60	1.70	3547	3000	2.94	1679	0	6	1401	0.00	0.00	98.31	4.62	122.49
67	1.99	3367	3000	2.72	3842	1	22	3407	0.00	0.02	98.01	5.13	127.45
60	1.70	3545	3000	2.95	1524	0	4	1242	0.00	0.01	98.29	4.64	122.47
61	1.72	3524	3001	2.96	1893	0	8	1614	0.00	0.01	98.31	4.65	119.79
70	2.16	3261	3000	2.70	6718	2	542	6105	0.00	0.10	97.75	5.31	122.84
63	1.82	3467	3000	2.91	2290	1	9	1955	0.00	0.01	98.20	4.82	123.83
69	2.10	3292	2999	2.69	4637	0	63	3750	0.00	0.04	97.86	5.22	129.09
63	1.88	3369	3002	2.88	2443	0	34	2071	0.00	0.03	98.19	4.73	120.37
65	1.91	3378	2998	2.83	3012	0	28	2548	0.00	0.02	98.01	4.93	120.04
60	1.71	3541	3001	3.00	1773	0	2	1494	0.00	0.00	98.34	4.63	118.39
66	1.94	3402	3000	2.81	1398	0	4	1250	0.00	0.00	98.09	4.97	121.89
