Avg_MHz	Busy%	Bzy_MHz	TSC_MHz	IPC	IRQ	POLL	C1	C2	POLL%	C1%	C2%	CorWatt	PkgWatt
906	25.17	3600	2997	3.44	6776	0	4	2531	0.00	0.01	74.76	77.13	204.35
906	25.17	3600	2993	3.35	6903	1	18	2501	0.00	0.06	74.61	76.05	204.21
921	25.39	3625	3020	3.43	6663	0	6	2309	0.00	0.00	75.13	78.24	211.05
896	25.06	3574	2974	3.41	6848	0	7	2543	0.00	0.00	74.31	76.02	201.02
925	25.45	3634	3025	3.38	6872	0	33	2409	0.00	0.03	75.17	77.75	210.25
904	25.18	3592	2994	3.52	6776	0	28	2505	0.00	0.02	74.68	78.10	203.81
897	25.08	3576	2982	3.48	6624	0	27	2432	0.00	0.09	74.41	76.75	203.89
921	25.37	3629	3020	3.44	6727	0	2	2304	0.00	0.00	75.14	78.49	209.15
906	25.18	3599	2993	3.36	6804	0	20	2499	0.00	0.02	74.66	76.35	203.32
901	25.12	3586	2988	3.43	6747	0	5	2456	0.00	0.00	74.58	76.64	204.29
924	25.41	3637	3026	3.39	6905	0	1	2376	0.00	0.00	75.25	77.97	211.39
906	25.20	3596	2994	3.41	6962	0	35	2756	0.00	0.11	74.57	76.94	203.58
910	25.27	3603	3003	3.50	22442	0	14	2541	0.00	0.05	74.77	78.32	207.40
920	25.49	3608	2998	3.33	481493	0	12	2683	0.00	0.00	74.47	76.82	206.89
912	25.26	3612	3002	3.31	20080	0	13	2716	0.00	0.01	74.80	76.12	205.43
907	25.19	3599	2995	3.40	6875	0	14	2422	0.00	0.02	74.69	76.75	205.04
908	25.18	3607	2999	3.43	6864	0	2	2468	0.00	0.00	74.81	77.31	203.88
903	25.15	3591	2989	3.34	7079	0	20	2648	0.00	0.06	74.54	75.78	205.49
914	25.27	3616	3006	3.43	6674	1	108	2355	0.00	0.01	74.90	78.10	204.30
961	26.45	3631	2997	2.92	2148053	0	3	3401	0.00	0.00	73.49	74.60	202.96
922	25.42	3627	3017	3.40	53854	1	7	2368	0.00	0.01	75.00	78.13	210.45
905	25.17	3598	2992	3.37	6800	0	3	2617	0.00	0.00	74.65	76.34	202.07
904	25.14	3594	2993	3.41	6755	0	6	2319	0.00	0.00	74.71	76.46	206.80
910	25.24	3606	3002	3.43	6957	0	17	2524	0.00	0.02	74.81	77.39	203.90
914	25.28	3614	3008	3.41	6592	0	12	2234	0.00	0.02	74.91	77.39	209.00
895	25.03	3578	2977	3.45	6577	1	8	2364	0.00	0.03	74.39	76.72	201.70
915	25.28	3618	3011	3.48	6687	0	4	2292	0.00	0.00	75.02	78.54	206.48
925	25.55	3620	3010	3.34	338109	0	23	3308	0.00	0.03	74.69	77.45	208.45
908	25.20	3603	2996	3.37	7918	0	5	2363	0.00	0.00	74.71	76.55	203.15
896	25.01	3584	2979	3.39	7107	0	5	2339	0.00	0.00	74.49	76.02	205.19
922	25.37	3632	3018	3.37	8347	0	7	2413	0.00	0.02	75.08	77.79	205.00
907	25.17	3603	2994	3.28	20899	0	5	2296	0.00	0.01	74.69	75.01	203.08
912	25.26	3609	3007	3.51	7108	0	1	2235	0.00	0.00	74.94	78.25	209.62
912	25.28	3608	3008	3.49	7214	2	33	2168	0.00	0.04	74.90	78.17	206.80
902	25.15	3588	2988	3.40	6924	0	26	2536	0.00	0.04	74.54	76.20	202.12
914	25.25	3619	3007	3.38	6848	0	7	2484	0.00	0.00	74.93	77.18	206.84
905	25.18	3593	2993	3.43	7039	1	27	2489	0.00	0.10	74.57	76.91	204.36
907	25.18	3604	2996	3.36	14852	5	8	2332	0.00	0.01	74.72	76.18	204.57
919	25.34	3628	3019	3.43	11407	0	1	2243	0.00	0.00	75.15	77.97	210.96
906	25.20	3596	2996	3.53	6994	0	14	2489	0.00	0.05	74.68	78.34	205.96
900	25.09	3586	2985	3.42	10487	0	20	2299	0.00	0.02	74.53	76.44	203.39
920	25.36	3625	3012	3.34	12857	0	4	2315	0.00	0.01	74.95	77.19	208.19
905	25.12	3603	2994	3.43	6601	0	5	2406	0.00	0.00	74.75	77.10	203.70
917	25.32	3620	3013	3.42	6805	1	29	2356	0.00	0.09	74.92	77.93	209.71
910	25.27	3600	2993	3.36	174543	0	4	2413	0.00	0.00	74.57	76.49	204.21
940	25.88	3631	3007	3.18	1023696	0	6	2497	0.00	0.01	74.29	76.64	204.80
934	25.96	3600	2988	3.10	1395178	0	10	4161	0.00	0.02	73.76	74.78	201.03
900	25.11	3584	2986	3.42	13490	1	18	2561	0.00	0.06	74.49	76.33	206.95
927	25.44	3643	3029	3.35	6840	1	0	2414	0.00	0.00	75.32	77.73	208.89
897	25.05	3583	2980	3.41	6611	0	13	2312	0.00	0.02	74.44	76.16	201.46
920	25.37	3627	3018	3.41	6614	0	9	2292	0.00	0.01	75.09	78.04	209.16
902	25.10	3591	2988	3.39	6575	0	7	2415	0.00	0.00	74.61	76.16	201.99
916	25.34	3616	3015	3.50	8883	0	13	2294	0.00	0.02	75.04	78.68	211.63
904	25.15	3594	2991	3.47	6750	0	8	2442	0.00	0.01	74.64	77.57	202.35
903	25.12	3594	2991	3.43	6556	0	10	2287	0.00	0.01	74.67	76.84	204.72
915	25.65	3568	2991	3.31	13686	4	1347	7923	0.00	0.20	73.96	76.73	210.71
917	25.38	3613	3015	3.46	6863	0	32	2497	0.00	0.06	74.94	78.19	207.05
908	25.20	3605	2997	3.36	7052	0	4	2709	0.00	0.00	74.76	76.46	204.53
927	25.79	3597	3007	3.36	58733	4	1537	11299	0.00	0.26	74.17	78.62	209.44
939	26.54	3540	3006	3.44	26110	11	4010	18126	0.00	0.56	73.12	81.16	213.17
917	25.68	3571	2994	3.41	14132	3	1092	9452	0.00	0.18	74.04	78.08	208.18
927	26.04	3558	2998	3.31	21673	6	1754	17211	0.00	0.27	73.71	77.95	207.92
931	25.92	3593	3011	3.37	17108	5	2533	10827	0.00	0.39	74.00	79.30	213.36
913	25.34	3604	3001	3.42	8984	0	837	4332	0.00	0.14	74.56	77.82	207.06
909	25.19	3609	3000	3.40	8332	0	6	2435	0.00	0.00	74.82	76.86	206.22
930	25.90	3593	3000	3.27	496349	2	1262	6569	0.00	0.17	73.98	77.12	209.46
965	26.65	3619	3001	3.02	1777097	4	2275	10619	0.00	0.30	73.11	76.75	207.96
938	26.21	3578	3000	3.34	27372	8	3420	20804	0.00	0.43	73.45	80.43	210.37
922	25.62	3597	2999	3.31	14803	5	1659	9630	0.00	0.29	74.12	77.48	207.69
912	25.34	3599	3000	3.41	9047	3	377	4634	0.00	0.09	74.59	77.66	206.30
915	25.46	3592	3002	3.40	10971	0	476	5026	0.00	0.06	74.56	77.36	209.48
922	25.71	3586	2998	3.37	15444	7	4877	8141	0.00	0.59	73.69	78.17	208.79
912	25.35	3599	3000	3.42	10005	0	773	4364	0.00	0.14	74.54	77.77	208.27
908	25.19	3606	3000	3.47	6398	0	6	2217	0.00	0.00	74.83	77.92	206.29
909	25.23	3602	3000	3.46	6689	1	17	2394	0.00	0.04	74.76	77.58	207.73
910	25.24	3605	3000	3.35	6868	0	29	2590	0.00	0.09	74.67	76.41	205.31
912	25.26	3609	3000	3.40	116574	0	3	2318	0.00	0.00	74.76	77.22	207.15
909	25.23	3604	2999	3.42	7983	0	12	2453	0.00	0.05	74.72	77.09	205.84
912	25.23	3614	3001	3.30	10508	0	2	2344	0.00	0.00	74.81	76.32	205.87
910	25.18	3613	3000	3.43	23641	0	2	2292	0.00	0.00	74.83	77.70	205.73
908	25.24	3599	3000	3.46	6503	0	23	2318	0.00	0.06	74.72	77.53	206.65
908	25.21	3603	2999	3.44	6401	0	4	2224	0.00	0.00	74.79	77.41	205.61
909	25.19	3607	3001	3.40	6479	0	5	2311	0.00	0.00	74.85	76.87	206.86
908	25.21	3602	2999	3.43	6257	0	19	2068	0.00	0.03	74.75	77.18	206.13
921	25.63	3595	3001	3.36	13318	5	2028	6272	0.00	0.20	74.23	77.96	209.06
918	25.45	3607	3003	3.37	11211	4	2310	5358	0.00	0.25	74.40	77.91	206.89
934	26.17	3568	3001	3.44	23807	9	3989	17044	0.00	0.55	73.37	80.94	212.07
910	25.32	3595	2995	3.45	9617	1	1580	4350	0.00	0.33	74.26	77.94	206.63
498	13.74	3627	2999	2.43	109744	1	542	4186	0.00	0.13	86.13	36.04	154.30
56	1.74	3243	3000	1.15	114177	1	22	5483	0.00	0.02	98.31	2.80	111.03
7	0.44	1511	3001	0.60	1185	0	2	1176	0.00	0.00	99.65	0.14	87.20
