Avg_MHz	Busy%	Bzy_MHz	TSC_MHz	IPC	IRQ	POLL	C1	C2	POLL%	C1%	C2%	CorWatt	PkgWatt
925	25.21	3669	2997	1.74	6664	0	4	2153	0.00	0.00	74.74	69.87	210.50
928	25.23	3676	3004	1.76	10088	0	7	1934	0.00	0.01	74.87	70.62	214.31
920	25.13	3662	2991	1.73	12302	0	8	1926	0.00	0.01	74.66	69.33	210.32
920	25.17	3657	2984	1.69	136421	0	3	1973	0.00	0.00	74.45	68.49	207.00
939	25.40	3696	3021	1.75	8055	0	2	2003	0.00	0.00	75.12	71.20	215.18
920	25.40	3621	2971	1.77	11692	0	21	3033	0.00	0.03	73.88	70.81	210.06
956	25.89	3695	3037	1.70	11077	1	110	5255	0.00	0.04	75.01	71.14	219.31
927	25.24	3672	3000	1.71	6933	0	13	2096	0.00	0.01	74.78	69.09	208.88
930	26.07	3566	2979	1.74	10525	0	320	3009	0.00	0.25	73.18	70.14	211.96
940	25.59	3674	3019	1.78	18149	0	8	2165	0.00	0.01	74.90	71.89	214.50
932	25.69	3629	2998	1.74	14441	0	34	2660	0.00	0.02	74.27	70.52	209.36
936	25.62	3652	3001	1.68	8967	1	39	4192	0.00	0.03	74.40	69.22	214.62
932	25.51	3654	3002	1.69	7497	0	211	2476	0.00	0.03	74.54	68.85	211.77
928	25.68	3615	2985	1.69	6987	0	29	2418	0.00	0.04	73.93	68.54	211.41
927	25.21	3678	3006	1.75	13951	0	3	2004	0.00	0.00	74.95	70.58	211.09
929	25.24	3681	3005	1.73	12649	0	3	1957	0.00	0.00	74.90	70.37	211.13
934	25.50	3665	3002	1.70	12499	0	24	4013	0.00	0.01	74.57	69.93	212.26
926	25.21	3673	3000	1.74	10203	0	10	1953	0.00	0.01	74.81	70.20	210.99
920	25.11	3665	2991	1.74	25138	0	1	1843	0.00	0.00	74.69	69.76	209.91
927	25.41	3646	2996	1.77	45137	3	76	2425	0.00	0.08	74.43	71.40	213.00
917	25.17	3643	2982	1.72	14144	0	14	2122	0.00	0.02	74.39	68.91	209.09
943	25.63	3677	3019	1.77	10810	1	15	3956	0.00	0.01	74.85	72.88	218.24
916	25.16	3640	2982	1.78	11289	0	17	2186	0.00	0.02	74.39	70.56	210.48
962	26.58	3619	3027	1.78	12100	2	85	2890	0.00	0.08	74.04	73.32	222.15
927	25.34	3656	2997	1.74	20478	0	13	2244	0.00	0.02	74.59	70.41	213.32
923	25.53	3614	2981	1.73	46661	0	35	2792	0.00	0.02	74.00	69.34	208.30
951	25.97	3664	3024	1.78	18639	1	62	4594	0.00	0.03	74.63	73.41	222.40
956	26.15	3655	2987	1.61	1257996	0	14	2615	0.00	0.01	73.52	69.31	208.81
932	25.48	3660	3006	1.76	16108	0	12	2518	0.00	0.02	74.69	71.01	216.84
931	25.28	3683	3007	1.69	21733	0	7	1939	0.00	0.00	74.92	68.79	207.46
908	24.97	3638	2973	1.75	12177	0	5	1996	0.00	0.00	74.37	69.43	204.64
947	25.89	3658	3015	1.76	10093	3	115	4407	0.00	0.06	74.45	72.28	217.22
956	26.57	3598	2993	1.54	420222	111	118	3882	0.00	0.09	73.19	66.72	212.09
939	25.38	3699	3022	1.66	251831	6	26	2561	0.00	0.05	75.13	68.67	210.14
921	25.17	3661	2998	1.81	6276	0	4	1968	0.00	0.00	74.79	71.66	214.57
916	25.18	3638	2975	1.72	221559	0	26	1948	0.00	0.05	74.17	68.44	205.85
929	25.48	3645	2997	1.72	8928	14	53	4142	0.00	0.06	74.40	69.44	211.38
943	25.45	3707	3033	1.80	6496	0	30	1892	0.00	0.07	75.32	72.28	219.89
910	25.01	3638	2977	1.70	7900	0	7	2193	0.00	0.00	74.42	67.43	202.18
937	25.40	3689	3022	1.78	7080	0	7	2128	0.00	0.00	75.16	71.57	219.21
921	25.14	3665	2996	1.74	6034	0	1	1809	0.00	0.00	74.79	69.27	208.34
924	25.41	3636	2989	1.76	8540	0	48	3928	0.00	0.04	74.30	69.81	210.87
931	25.27	3684	3014	1.78	8070	2	3	1760	0.00	0.00	75.10	70.96	216.20
924	25.19	3667	2999	1.78	10950	0	16	2035	0.00	0.03	74.78	70.29	209.80
923	25.16	3669	3001	1.78	18011	0	4	1934	0.00	0.00	74.87	70.45	214.22
911	25.04	3639	2979	1.78	8979	0	4	2059	0.00	0.01	74.46	69.88	205.95
943	25.64	3677	3022	1.79	8694	0	27	4105	0.00	0.02	74.92	72.26	219.23
924	25.18	3668	3001	1.78	6593	1	2	1892	0.00	0.00	74.86	70.22	210.70
924	25.18	3670	2999	1.69	8155	0	6	1949	0.00	0.00	74.82	67.94	208.54
907	24.95	3637	2975	1.80	6193	0	8	2013	0.00	0.00	74.43	69.95	206.73
931	25.28	3681	3014	1.82	6309	0	2	1883	0.00	0.00	75.08	72.17	214.50
925	25.35	3650	2991	1.70	10988	2	41	4093	0.00	0.01	74.43	68.89	209.23
938	25.36	3699	3022	1.72	6727	0	4	1951	0.00	0.00	75.21	69.74	215.47
921	25.16	3661	2998	1.81	9801	1	0	1947	0.00	0.00	74.80	71.37	213.21
925	25.20	3670	3002	1.76	6377	0	3	2067	0.00	0.00	74.86	70.28	213.55
938	25.86	3628	2995	1.73	13246	74	230	2121	0.00	0.23	73.80	70.01	211.38
921	25.38	3629	2984	1.75	8651	2	31	4203	0.00	0.01	74.23	69.46	209.87
934	25.33	3687	3018	1.81	6245	1	5	1869	0.00	0.00	75.15	72.25	215.18
945	25.97	3639	2993	1.67	608457	0	222	2686	0.00	0.09	73.78	69.22	212.25
945	25.93	3646	3000	1.69	672976	0	29	3831	0.00	0.04	74.06	70.34	209.79
925	25.26	3663	3003	1.78	6435	0	6	2112	0.00	0.00	74.82	70.47	214.63
935	25.74	3634	3001	1.78	9063	1	49	4452	0.00	0.02	74.29	71.39	211.74
934	25.88	3610	2992	1.77	7017	1	72	2405	0.00	0.04	73.89	70.85	209.42
925	25.29	3658	3005	1.75	6705	0	14	2413	0.00	0.02	74.84	69.50	209.27
915	25.27	3620	2975	1.71	7767	0	52	3331	0.00	0.09	74.03	68.11	205.99
948	25.49	3718	3038	1.71	6483	0	4	2002	0.00	0.00	75.46	70.24	217.52
922	25.93	3555	2965	1.76	118379	0	101	5375	0.00	0.09	73.14	69.79	207.18
949	25.79	3678	3025	1.76	8053	0	29	3402	0.00	0.06	74.77	71.86	217.88
915	25.07	3649	2984	1.74	6184	0	6	1852	0.00	0.00	74.54	68.85	205.83
939	25.37	3702	3026	1.77	6408	0	2	1858	0.00	0.00	75.28	71.47	217.28
916	25.07	3653	2987	1.78	6312	0	2	2022	0.00	0.00	74.63	70.43	208.09
919	25.45	3612	2975	1.78	9596	1	36	4777	0.00	0.01	73.94	70.76	208.69
932	25.30	3685	3015	1.81	6360	1	6	1871	0.00	0.00	75.09	72.07	213.01
930	25.26	3683	3012	1.81	6372	1	0	1936	0.00	0.00	75.06	72.26	214.12
918	25.09	3658	2991	1.80	6246	0	0	1880	0.00	0.00	74.70	70.91	207.18
937	25.42	3686	3020	1.80	6833	0	39	2210	0.00	0.06	75.02	72.01	215.90
928	26.01	3568	2972	1.80	10349	1	145	4619	0.00	0.06	73.28	71.66	209.65
970	27.28	3555	3015	1.78	10680	0	138	4833	0.00	0.08	73.02	73.64	219.95
928	25.23	3678	3010	1.78	7001	0	6	2125	0.00	0.00	75.03	70.84	212.52
911	25.00	3642	2980	1.77	6112	2	1	1933	0.00	0.00	74.51	69.63	207.14
929	25.30	3672	3007	1.75	10735	0	16	2251	0.00	0.01	74.87	69.94	211.45
943	26.26	3591	2997	1.77	13639	1	424	6776	0.00	0.16	73.54	72.05	213.54
923	25.16	3667	2998	1.75	6392	0	0	2053	0.00	0.00	74.81	69.65	207.93
938	25.47	3684	3022	1.76	7313	1	29	2359	0.00	0.06	75.04	71.14	217.44
909	25.00	3637	2978	1.78	6069	0	4	1885	0.00	0.00	74.46	69.55	205.50
935	25.36	3685	3020	1.82	6473	0	12	2019	0.00	0.04	75.12	72.69	218.16
926	25.47	3635	2988	1.70	9094	0	95	4194	0.00	0.07	74.20	68.56	208.92
946	25.76	3671	3018	1.76	12424	2	218	7266	0.00	0.05	74.67	72.07	214.95
925	25.28	3660	3000	1.79	6593	1	10	2292	0.00	0.00	74.74	70.71	209.26
924	25.22	3663	3000	1.73	6635	0	14	2356	0.00	0.01	74.78	68.90	210.97
936	25.68	3644	3000	1.77	90919	0	25	3430	0.00	0.01	74.33	71.31	212.14
930	25.49	3650	2999	1.72	8934	2	49	4223	0.00	0.03	74.49	69.64	210.51
933	25.55	3651	3000	1.75	8488	0	43	3642	0.00	0.03	74.45	70.23	213.04
924	25.23	3662	3000	1.78	6442	0	4	2107	0.00	0.01	74.78	71.03	211.85
924	25.17	3670	3000	1.77	6176	0	3	1889	0.00	0.01	74.84	70.39	209.35
925	25.17	3674	3001	1.79	13540	0	28	1980	0.00	0.09	74.77	70.59	211.98
931	25.50	3652	3000	1.76	8683	0	96	4149	0.00	0.03	74.49	70.83	212.56
928	25.43	3651	3000	1.76	7652	1	37	3264	0.00	0.03	74.56	70.53	210.18
931	25.38	3667	3001	1.77	272484	1	20	2175	0.00	0.01	74.64	70.87	211.65
930	25.47	3653	3000	1.69	8183	0	32	3732	0.00	0.02	74.53	68.80	210.29
714	19.46	3670	2999	1.54	7890	0	22	2098	0.00	0.08	80.46	50.28	183.65
110	3.25	3381	3000	1.28	336759	0	11	4111	0.00	0.01	96.77	6.31	127.14
