Avg_MHz	Busy%	Bzy_MHz	TSC_MHz	IPC	IRQ	POLL	C1	C2	POLL%	C1%	C2%	CorWatt	PkgWatt
61	1.74	3520	3000	3.46	2101	0	12	1707	0.00	0.01	98.27	5.07	135.63
61	1.73	3523	3000	3.46	1648	0	12	1348	0.00	0.02	98.28	4.98	137.75
62	1.81	3439	3000	3.43	2030	0	21	1649	0.00	0.04	98.16	5.05	133.04
61	1.72	3534	3001	3.42	1808	1	3	1531	0.00	0.00	98.33	4.90	135.74
61	1.74	3511	3000	3.42	1742	0	24	1422	0.00	0.05	98.24	4.92	136.49
61	1.74	3502	2999	3.46	1702	0	9	1424	0.00	0.01	98.24	4.97	138.55
60	1.70	3548	3000	3.33	1666	0	8	1372	0.00	0.00	98.32	4.79	137.73
61	1.77	3475	3000	3.27	1962	0	7	1667	0.00	0.01	98.23	4.82	139.03
61	1.74	3499	3000	3.19	1827	0	11	1523	0.00	0.02	98.26	4.72	135.45
60	1.69	3567	3001	3.29	1529	0	1	1243	0.00	0.00	98.35	4.67	141.16
61	1.76	3482	3000	3.34	1900	0	16	1575	0.00	0.03	98.22	4.82	142.63
61	1.74	3499	3000	3.32	1768	0	19	1481	0.00	0.04	98.23	4.80	140.18
61	1.75	3492	3000	3.30	2058	0	17	1615	0.00	0.10	98.17	4.77	141.31
61	1.73	3513	2999	3.41	1606	1	18	1321	0.00	0.08	98.17	4.88	141.55
62	1.81	3434	3001	3.34	1882	0	15	1537	0.00	0.00	98.21	4.92	141.03
61	1.72	3528	2999	3.37	1931	0	1	1628	0.00	0.00	98.26	4.78	141.66
61	1.75	3490	3001	3.47	1882	0	15	1587	0.00	0.02	98.28	4.95	140.69
63	1.89	3340	2999	3.43	2655	0	35	2085	0.00	0.04	98.06	5.09	141.48
60	1.70	3548	3002	3.52	1613	0	1	1327	0.00	0.00	98.36	4.94	142.41
61	1.74	3503	2999	3.48	1723	0	15	1425	0.00	0.01	98.22	4.90	141.65
61	1.77	3481	3000	3.39	2281	0	14	1562	0.00	0.02	98.22	4.87	142.00
61	1.75	3496	3001	3.39	1759	0	3	1443	0.00	0.00	98.28	4.82	141.04
61	1.77	3474	3000	3.42	1942	0	12	1612	0.00	0.02	98.24	4.93	143.43
61	1.75	3492	2998	3.38	1845	1	12	1547	0.00	0.02	98.20	4.80	143.32
60	1.70	3537	3002	3.40	1541	1	4	1250	0.00	0.00	98.37	5.00	140.87
61	1.74	3507	3000	3.44	1712	0	14	1422	0.00	0.02	98.25	5.09	141.95
61	1.73	3521	3000	3.53	1677	0	7	1393	0.00	0.00	98.29	5.16	141.33
61	1.72	3535	2999	3.53	1903	1	4	1617	0.00	0.01	98.27	5.16	142.94
61	1.76	3495	3000	3.52	1789	0	1	1464	0.00	0.00	98.26	5.17	143.30
61	1.74	3511	3000	3.61	1842	1	4	1554	0.00	0.01	98.27	5.23	141.93
60	1.70	3556	3000	3.58	1663	0	3	1384	0.00	0.00	98.30	5.17	139.82
61	1.73	3516	3000	3.60	1640	0	10	1353	0.00	0.01	98.26	5.23	140.66
62	1.76	3498	3001	3.61	1789	0	3	1501	0.00	0.00	98.28	5.29	141.53
60	1.70	3556	2999	3.64	1705	0	4	1429	0.00	0.00	98.30	5.22	140.98
61	1.75	3503	3000	3.65	1872	0	12	1570	0.00	0.02	98.24	5.29	143.05
61	1.75	3500	3000	3.72	1928	1	17	1610	0.00	0.05	98.21	5.35	142.32
61	1.72	3537	3000	3.64	1869	1	8	1578	0.00	0.00	98.30	5.25	143.47
61	1.74	3508	3000	3.67	1782	0	12	1481	0.00	0.02	98.25	5.28	144.02
61	1.72	3530	3000	3.73	1510	0	3	1209	0.00	0.00	98.29	5.32	141.12
61	1.77	3478	2999	3.67	2929	1	33	1478	0.00	0.11	98.10	5.36	142.26
61	1.75	3499	3001	3.69	1841	0	37	1549	0.00	0.12	98.17	5.35	142.41
61	1.74	3507	3000	3.75	1851	0	18	1515	0.00	0.02	98.25	5.35	142.54
61	1.71	3552	3001	3.70	1679	0	4	1391	0.00	0.00	98.32	5.31	144.12
61	1.74	3511	2999	3.72	1796	2	8	1497	0.00	0.04	98.22	5.36	143.09
61	1.75	3501	3000	3.70	1780	0	4	1438	0.00	0.01	98.25	5.36	139.64
61	1.72	3537	3000	3.71	1857	0	5	1567	0.00	0.00	98.30	5.36	143.61
61	1.74	3515	3000	3.73	1611	0	1	1302	0.00	0.00	98.26	5.33	142.78
61	1.74	3504	3000	3.76	1920	0	9	1632	0.00	0.01	98.26	5.38	143.17
60	1.70	3559	3000	3.78	1639	0	3	1353	0.00	0.00	98.31	5.35	143.11
61	1.73	3518	3000	3.73	1683	0	3	1413	0.00	0.00	98.27	5.31	143.32
61	1.75	3500	2999	3.68	1895	0	2	1584	0.00	0.00	98.25	5.33	143.06
61	1.71	3542	3001	3.68	1816	0	5	1530	0.00	0.01	98.31	5.26	143.38
61	1.75	3502	3000	3.68	1836	0	13	1291	0.00	0.05	98.21	5.32	142.81
61	1.72	3532	3000	3.66	1485	0	2	1200	0.00	0.00	98.31	5.25	143.96
61	1.71	3545	3000	3.68	1768	0	2	1489	0.00	0.00	98.29	5.27	143.82
61	1.74	3504	2999	3.62	1908	0	19	1604	0.00	0.07	98.16	5.25	143.98
61	1.75	3494	3000	3.53	1760	0	14	1461	0.00	0.04	98.22	5.08	143.10
60	1.71	3531	2996	3.62	1732	0	6	1430	0.00	0.00	98.17	5.00	141.63
61	1.72	3531	3004	3.67	1617	0	4	1322	0.00	0.01	98.42	5.08	142.37
61	1.73	3512	3000	3.70	1640	0	2	1353	0.00	0.00	98.27	5.09	142.34
61	1.74	3506	3001	3.75	1661	0	4	1391	0.00	0.01	98.30	5.16	143.53
61	1.73	3519	2999	3.77	1774	0	1	1455	0.00	0.00	98.27	5.14	143.51
61	1.74	3501	3001	3.79	1737	0	3	1466	0.00	0.00	98.30	5.18	142.62
61	1.73	3520	2999	3.78	1587	0	3	1295	0.00	0.00	98.26	5.16	141.68
60	1.70	3552	3000	3.81	1549	0	4	1244	0.00	0.00	98.32	5.18	142.06
61	1.73	3512	2999	3.83	1622	1	5	1320	0.00	0.00	98.26	5.26	143.06
61	1.77	3474	3001	3.82	2043	0	0	1687	0.00	0.00	98.27	5.23	143.10
60	1.69	3558	2998	3.86	1619	0	1	1345	0.00	0.00	98.25	5.20	143.23
61	1.74	3502	3002	3.81	1823	0	2	1517	0.00	0.00	98.34	5.25	143.71
61	1.73	3509	3000	3.82	1688	0	1	1401	0.00	0.00	98.27	5.20	141.93
60	1.70	3545	3000	3.86	1650	0	2	1374	0.00	0.00	98.31	5.21	140.70
61	1.76	3480	2999	3.82	1896	0	3	1597	0.00	0.00	98.23	5.25	143.71
61	1.74	3501	3001	3.81	1714	0	7	1464	0.00	0.02	98.28	5.20	140.42
60	1.71	3538	2999	3.85	1751	0	4	1469	0.00	0.00	98.27	5.20	142.63
61	1.74	3503	3001	3.82	1748	1	2	1424	0.00	0.00	98.30	5.26	142.81
61	1.73	3511	2999	3.86	1536	0	14	1251	0.00	0.01	98.23	5.21	143.08
61	1.73	3520	3000	3.84	1712	1	3	1387	0.00	0.00	98.30	5.21	142.61
61	1.74	3508	3000	3.84	1754	0	4	1460	0.00	0.00	98.28	5.23	143.04
61	1.73	3512	3000	3.85	1635	0	5	1342	0.00	0.00	98.29	5.21	142.79
60	1.71	3541	3000	3.84	1759	0	2	1479	0.00	0.00	98.29	5.20	143.56
61	1.74	3507	3000	3.84	1679	0	16	1377	0.00	0.05	98.23	5.23	143.23
61	1.76	3482	3000	3.83	1849	0	9	1482	0.00	0.02	98.23	5.24	142.68
60	1.70	3552	3000	3.90	1614	0	10	1270	0.00	0.05	98.27	5.31	142.34
61	1.74	3504	2999	3.85	1724	0	14	1430	0.00	0.05	98.19	5.25	143.37
61	1.76	3495	3002	3.84	1940	0	9	1470	0.00	0.05	98.26	5.28	143.49
60	1.69	3565	2999	3.90	1463	0	12	1179	0.00	0.01	98.28	5.23	143.77
61	1.75	3485	2999	3.84	1902	0	4	1613	0.00	0.00	98.23	5.28	143.67
61	1.73	3516	3001	3.86	1729	0	6	1439	0.00	0.02	98.30	5.32	142.44
60	1.69	3565	3000	3.90	1426	0	3	1141	0.00	0.00	98.33	5.23	142.69
61	1.73	3511	2999	3.86	1708	0	21	1403	0.00	0.07	98.18	5.24	143.00
73	2.29	3207	3001	3.25	8625	1	962	7640	0.00	0.11	97.67	6.24	144.14
61	1.76	3480	2999	3.79	2010	0	36	1654	0.00	0.04	98.19	5.26	142.83
62	1.80	3439	3000	3.74	2070	0	35	1783	0.00	0.07	98.16	5.28	143.96
73	2.24	3261	3000	3.25	10860	3	1462	10035	0.00	0.27	97.52	6.35	145.64
76	2.34	3233	3001	3.15	14139	6	2689	12666	0.00	0.41	97.34	6.59	145.90
78	2.56	3045	3000	3.03	13115	4	2768	10821	0.00	0.41	97.09	6.65	145.99
64	1.94	3292	3000	3.62	4289	1	254	3806	0.00	0.26	97.83	5.36	143.29
64	1.93	3304	2999	3.61	4610	1	357	4059	0.00	0.15	97.92	5.33	143.32
66	1.99	3287	3001	3.47	5404	3	469	5183	0.00	0.09	97.96	5.47	142.81
71	2.11	3361	2998	3.30	8521	4	3219	5695	0.00	0.43	97.42	6.09	145.58
63	1.84	3437	3001	3.58	4460	1	761	3651	0.00	0.08	98.13	5.36	144.87
71	2.17	3247	2999	3.26	7350	6	770	6459	0.00	0.15	97.67	5.86	144.57
61	1.78	3444	3002	3.64	2186	0	27	1862	0.00	0.06	98.24	5.20	142.66
66	1.91	3486	3002	3.43	5306	2	1104	4807	0.00	0.14	98.03	5.79	144.49
64	1.85	3488	2998	3.59	4860	2	940	3893	0.00	0.17	97.92	5.81	143.72
64	1.85	3438	3000	3.60	4219	0	853	3333	0.00	0.11	98.08	5.58	143.48
71	2.12	3354	3000	3.26	7376	3	1047	6367	0.00	0.13	97.78	6.10	144.83
61	1.73	3518	2999	3.79	1745	0	16	1416	0.00	0.03	98.21	5.39	142.56
61	1.74	3514	3001	3.79	1749	1	22	1430	0.00	0.04	98.26	5.41	144.24
61	1.72	3539	3000	3.83	1765	0	8	1399	0.00	0.01	98.28	5.41	143.35
62	1.77	3498	3000	3.75	1855	0	12	1545	0.00	0.02	98.23	5.44	143.59
62	1.75	3514	3000	3.77	1786	0	12	1438	0.00	0.04	98.22	5.44	143.99
61	1.70	3561	3000	3.85	1616	0	2	1332	0.00	0.00	98.32	5.42	140.94
61	1.76	3487	2999	3.79	1820	0	11	1503	0.00	0.05	98.18	5.42	142.72
61	1.74	3509	3001	3.83	1702	0	80	1402	0.00	0.06	98.24	5.46	142.66
