Avg_MHz	Busy%	Bzy_MHz	TSC_MHz	IPC	IRQ	POLL	C1	C2	POLL%	C1%	C2%	CorWatt	PkgWatt
935	25.17	3714	3001	1.19	6331	0	7	1992	0.00	0.00	74.87	49.63	175.98
935	25.18	3713	3001	1.18	28220	0	1	2138	0.00	0.00	74.86	49.31	174.77
957	25.75	3717	3004	1.11	921685	0	5	2084	0.00	0.01	74.35	49.21	173.50
996	26.86	3709	3003	1.00	2728312	0	4	4076	0.00	0.00	73.24	48.77	173.81
978	26.40	3705	2999	1.04	1959152	0	4	3815	0.00	0.00	73.61	48.75	173.34
937	25.19	3718	3004	1.11	37841	2	7	2066	0.00	0.00	74.93	48.49	172.69
934	25.17	3712	3000	1.09	239570	0	0	2242	0.00	0.00	74.84	47.97	170.59
928	25.08	3699	2990	1.17	42941	0	2	1988	0.00	0.00	74.67	49.58	172.23
934	25.17	3713	3000	1.21	6198	0	24	1896	0.00	0.10	74.76	50.22	173.51
936	25.19	3716	3003	1.24	6301	0	0	1958	0.00	0.00	74.89	50.99	175.70
937	25.22	3716	3004	1.21	6320	0	4	1924	0.00	0.01	74.89	50.28	174.65
936	25.19	3717	3004	1.25	6113	0	2	1895	0.00	0.00	74.92	51.19	175.81
933	25.16	3710	2998	1.23	6269	0	3	2037	0.00	0.00	74.81	50.52	173.70
935	25.18	3712	3001	1.25	6257	0	2	2061	0.00	0.01	74.85	51.02	175.54
931	25.11	3706	2994	1.24	6139	0	5	1861	0.00	0.00	74.76	50.61	174.07
934	25.16	3712	3000	1.24	6274	0	6	1960	0.00	0.00	74.85	50.72	174.51
932	25.16	3707	2997	1.25	6169	0	4	1937	0.00	0.00	74.78	51.06	175.19
936	25.19	3716	3003	1.25	6232	0	1	1880	0.00	0.00	74.90	51.15	175.91
936	25.20	3713	3002	1.24	6440	0	29	2073	0.00	0.11	74.75	50.89	175.41
931	25.12	3705	2994	1.22	6374	0	4	2029	0.00	0.00	74.75	50.21	173.48
942	25.27	3728	3013	1.25	6431	0	11	2117	0.00	0.04	75.01	51.28	177.43
930	25.12	3701	2992	1.26	6271	0	14	2065	0.00	0.06	74.64	50.78	174.49
932	25.14	3708	2997	1.26	6318	0	3	2034	0.00	0.00	74.79	50.98	175.49
941	25.26	3725	3011	1.24	6424	1	0	2094	0.00	0.00	75.02	50.91	176.48
933	25.15	3712	2999	1.24	6003	0	4	1796	0.00	0.01	74.83	50.56	174.44
928	25.08	3703	2991	1.25	6011	0	3	1769	0.00	0.00	74.72	50.58	173.92
935	25.18	3715	3002	1.25	6174	0	5	1781	0.00	0.00	74.88	50.96	175.32
932	25.13	3710	2997	1.25	6183	0	1	1896	0.00	0.00	74.81	50.88	175.05
986	26.54	3717	3007	1.15	1930062	0	2	2823	0.00	0.00	73.64	51.30	176.76
979	26.42	3705	2999	1.15	1953914	0	6	3566	0.00	0.00	73.58	50.89	176.07
931	25.12	3707	2995	1.25	6234	0	3	2013	0.00	0.00	74.77	50.71	174.41
934	25.17	3712	3000	1.24	6320	0	5	2043	0.00	0.00	74.84	50.86	175.39
940	25.25	3725	3010	1.26	6332	0	2	2004	0.00	0.00	75.02	51.56	177.35
929	25.10	3702	2992	1.24	6367	0	4	2086	0.00	0.01	74.70	50.63	174.63
938	25.23	3719	3006	1.25	6503	0	1	2238	0.00	0.00	74.94	51.40	177.36
929	25.10	3703	2992	1.24	6325	0	3	2079	0.00	0.01	74.72	50.87	174.84
939	25.23	3722	3008	1.23	6220	0	15	1945	0.00	0.06	74.91	51.19	175.90
929	25.09	3704	2993	1.25	6129	0	3	1840	0.00	0.00	74.74	51.12	175.31
939	25.25	3721	3008	1.26	6271	0	4	2003	0.00	0.00	74.96	51.86	177.09
931	25.11	3707	2995	1.25	6289	0	10	1866	0.00	0.05	74.74	51.32	176.25
937	25.21	3718	3005	1.24	5961	0	1	1733	0.00	0.00	74.92	51.41	176.36
936	25.19	3716	3003	1.26	7608	0	10	1935	0.00	0.01	74.90	51.63	177.07
928	25.09	3698	2990	1.25	6094	0	2	1915	0.00	0.00	74.66	51.17	174.37
936	25.19	3716	3003	1.24	6256	0	4	1932	0.00	0.00	74.89	51.42	176.44
935	25.16	3715	3002	1.24	5995	1	8	1750	0.00	0.00	74.88	51.40	175.85
936	25.17	3716	3003	1.24	6149	0	3	1814	0.00	0.00	74.90	51.39	176.23
933	25.15	3710	2999	1.24	6214	1	4	1946	0.00	0.00	74.82	51.34	175.69
932	25.14	3708	2997	1.23	6435	0	2	2034	0.00	0.00	74.79	51.21	175.35
934	25.17	3709	2998	1.22	6493	0	2	2005	0.00	0.00	74.80	50.98	175.11
940	25.24	3726	3010	1.21	6137	0	2	1853	0.00	0.00	75.03	51.28	177.32
934	25.16	3711	2999	1.22	6372	0	6	2076	0.00	0.01	74.82	51.04	175.39
930	25.10	3704	2993	1.22	6164	0	2	1980	0.00	0.00	74.73	50.90	174.86
938	25.22	3718	3005	1.23	6302	0	0	1967	0.00	0.00	74.93	51.53	176.02
929	25.09	3704	2993	1.22	6130	0	3	1885	0.00	0.00	74.74	50.88	174.20
937	25.19	3718	3004	1.22	6226	0	1	1894	0.00	0.00	74.92	51.06	175.73
936	25.18	3717	3003	1.23	6214	1	4	1925	0.00	0.00	74.91	51.50	177.02
936	25.18	3718	3004	1.23	6032	0	3	1797	0.00	0.00	74.92	51.21	176.57
933	25.15	3708	2997	1.22	7371	0	4	1936	0.00	0.00	74.78	50.84	176.01
932	25.13	3709	2997	1.21	7433	0	5	1884	0.00	0.00	74.81	50.81	175.79
938	25.21	3720	3006	1.21	6964	0	3	1908	0.00	0.00	74.95	50.94	177.24
929	25.09	3702	2992	1.22	7573	1	2	1998	0.00	0.00	74.72	50.78	176.45
935	25.17	3715	3002	1.22	6512	0	4	2009	0.00	0.00	74.88	50.89	176.74
937	25.20	3717	3004	1.22	8353	0	3	2036	0.00	0.00	74.91	50.98	176.88
934	25.14	3714	3000	1.23	6353	0	3	1756	0.00	0.00	74.88	50.92	175.87
930	25.11	3705	2994	1.24	9173	0	1	1877	0.00	0.00	74.75	51.11	176.23
936	25.17	3716	3003	1.23	6544	0	1	1917	0.00	0.00	74.91	51.09	177.26
933	25.14	3710	2998	1.23	6610	0	4	1834	0.00	0.00	74.82	50.84	176.04
935	25.18	3714	3001	1.23	6297	0	4	1886	0.00	0.00	74.86	51.12	177.01
933	25.13	3711	2998	1.24	6212	0	11	1903	0.00	0.05	74.78	51.22	177.08
934	25.15	3714	3001	1.23	6138	0	1	1853	0.00	0.00	74.87	50.94	176.65
938	25.22	3718	3005	1.22	6911	0	2	2232	0.00	0.00	74.93	51.03	177.33
931	25.11	3706	2995	1.23	6229	0	12	1976	0.00	0.05	74.72	50.74	175.49
937	25.20	3717	3004	1.24	6256	0	5	1944	0.00	0.00	74.91	51.40	177.49
932	25.12	3708	2996	1.24	6227	0	9	1934	0.00	0.03	74.75	51.18	177.38
937	25.20	3718	3004	1.23	6280	2	7	1930	0.00	0.01	74.91	51.06	176.94
940	25.49	3687	3000	1.23	13041	0	56	3189	0.00	0.04	74.50	51.35	177.93
937	25.19	3717	3004	1.23	6251	0	1	1952	0.00	0.00	74.92	51.03	177.59
929	25.10	3703	2992	1.25	6127	0	3	1897	0.00	0.00	74.71	51.23	176.47
934	25.16	3712	2999	1.22	6292	0	6	2001	0.00	0.00	74.84	50.79	176.30
934	25.17	3712	3000	1.25	6500	0	39	2142	0.00	0.13	74.72	51.56	177.50
936	25.21	3714	3003	1.22	6362	0	29	2024	0.00	0.11	74.77	51.04	176.84
938	25.20	3720	3006	1.24	6357	0	2	1966	0.00	0.00	74.96	51.45	177.76
933	25.15	3709	2997	1.24	6450	0	8	1927	0.00	0.01	74.79	51.22	177.21
934	25.16	3712	3000	1.22	6239	0	2	1964	0.00	0.00	74.84	50.76	175.84
930	25.09	3707	2994	1.24	5990	0	1	1755	0.00	0.00	74.78	51.06	176.70
934	25.16	3711	2999	1.25	6501	0	4	2008	0.00	0.00	74.82	51.42	178.06
936	25.19	3718	3004	1.23	6197	0	2	1861	0.00	0.00	74.93	51.26	177.80
932	25.14	3709	2997	1.21	6318	0	7	1981	0.00	0.00	74.79	50.76	175.40
938	25.21	3720	3006	1.23	6521	2	0	2029	0.00	0.00	74.95	51.32	177.84
934	25.16	3711	2999	1.24	6359	0	4	2067	0.00	0.00	74.83	51.37	177.43
932	25.18	3702	2996	1.23	6873	0	8	2181	0.00	0.00	74.73	51.18	176.80
942	25.50	3693	2997	1.22	10887	5	37	5691	0.00	0.01	74.45	51.89	181.21
935	25.18	3713	3001	1.21	6755	0	9	1837	0.00	0.02	74.85	50.96	175.52
940	25.47	3691	2999	1.22	8208	2	38	3748	0.00	0.03	74.51	51.66	178.78
942	25.31	3722	3011	1.22	6379	0	11	2009	0.00	0.01	74.97	51.59	177.50
929	25.10	3702	2992	1.22	6231	0	2	1977	0.00	0.00	74.72	50.89	175.88
950	25.78	3683	2995	1.22	13963	4	811	8820	0.00	0.16	73.97	52.78	182.98
939	25.30	3711	3003	1.21	7056	1	9	2483	0.00	0.00	74.78	51.11	175.94
939	25.23	3721	3008	1.21	6453	0	5	2057	0.00	0.00	74.97	51.31	178.51
929	25.11	3702	2992	1.22	6320	0	6	2053	0.00	0.00	74.71	50.72	174.70
941	25.30	3721	3010	1.22	6451	0	25	2145	0.00	0.04	74.93	51.43	177.22
940	25.67	3660	2988	1.21	10911	1	127	5835	0.00	0.09	73.96	51.63	178.94
939	25.28	3713	3003	1.21	6637	1	8	2354	0.00	0.00	74.82	51.21	176.61
935	25.18	3714	3001	1.23	6300	0	5	2037	0.00	0.00	74.87	51.29	176.36
502	13.55	3707	3006	1.13	127863	0	6	2189	0.00	0.01	86.64	27.15	145.02
107	3.07	3487	3001	1.33	294339	0	7	5291	0.00	0.00	97.02	5.78	123.57
20	0.77	2652	3000	1.67	3767	0	94	3463	0.00	0.01	99.24	1.31	95.26
2	0.13	1506	3001	0.55	1364	0	4	1343	0.00	0.01	99.90	0.05	77.45
3	0.19	1510	3000	0.60	1715	1	3	1627	0.00	0.00	99.81	0.07	77.50
3	0.19	1503	3000	0.75	1656	0	5	1627	0.00	0.01	99.83	0.08	79.38
11	0.45	2440	3000	0.78	5303	2	133	5232	0.00	0.03	99.54	0.72	86.38
55	1.64	3381	2999	0.95	4677	2	62	4263	0.00	0.01	98.35	3.39	122.43
62	1.82	3420	3001	1.05	1949	0	3	1761	0.00	0.00	98.23	3.70	121.29
