Avg_MHz	Busy%	Bzy_MHz	TSC_MHz	IPC	IRQ	POLL	C1	C2	POLL%	C1%	C2%	CorWatt	PkgWatt
934	25.23	3704	2998	1.43	6874	0	10	2567	0.00	0.04	74.71	53.11	193.25
937	25.23	3715	3003	1.45	6682	0	12	2319	0.00	0.05	74.82	53.56	196.85
936	25.23	3710	3001	1.43	6460	0	23	2260	0.00	0.02	74.79	53.10	194.11
935	25.24	3706	3000	1.44	6850	0	35	2623	0.00	0.02	74.76	53.15	194.86
933	25.18	3706	2998	1.43	6624	0	5	2455	0.00	0.01	74.77	52.88	194.53
936	25.24	3711	3002	1.43	6553	1	33	2223	0.00	0.09	74.75	53.12	195.50
934	25.21	3704	2998	1.44	6573	1	27	2374	0.00	0.06	74.70	52.88	193.08
934	25.19	3710	3000	1.43	6676	0	8	2446	0.00	0.01	74.81	52.84	194.33
945	25.64	3685	3001	1.41	12233	5	1016	7219	0.00	0.23	74.18	53.56	196.55
936	25.26	3704	3000	1.39	6924	0	33	2527	0.00	0.07	74.69	52.27	193.22
942	25.51	3695	3001	1.40	10191	1	1139	5034	0.00	0.12	74.42	53.16	196.13
934	25.22	3704	2999	1.42	6592	0	41	2401	0.00	0.04	74.73	52.68	193.20
935	25.23	3708	3000	1.41	6697	0	7	2360	0.00	0.00	74.79	52.68	193.69
944	25.59	3691	3001	1.41	11970	4	1551	6474	0.00	0.18	74.29	53.55	197.44
935	25.23	3704	2999	1.41	6714	1	40	2448	0.00	0.04	74.71	52.49	192.96
936	25.23	3709	3001	1.40	6547	0	6	2270	0.00	0.00	74.82	52.56	193.97
934	25.18	3708	2999	1.39	6730	0	7	2413	0.00	0.01	74.79	52.16	192.63
937	25.24	3712	3003	1.39	6548	0	26	2322	0.00	0.02	74.84	52.42	194.87
944	25.63	3682	2997	1.39	12972	3	1353	6710	0.00	0.17	74.17	53.13	193.97
936	25.22	3713	3002	1.39	6522	1	8	2287	0.00	0.00	74.86	52.40	194.02
934	25.20	3706	2998	1.37	7977	0	20	2243	0.00	0.05	74.72	52.01	192.28
935	25.25	3704	2999	1.38	6782	0	25	2500	0.00	0.09	74.65	52.30	193.18
937	25.24	3711	3002	1.42	6839	0	38	2464	0.00	0.14	74.68	53.01	194.97
941	25.51	3690	2999	1.41	9648	4	480	5485	0.00	0.12	74.37	53.31	194.84
942	25.46	3700	3002	1.42	9136	2	278	4350	0.00	0.08	74.54	53.39	196.18
935	25.22	3707	2999	1.42	6503	0	9	2287	0.00	0.00	74.78	52.80	193.89
936	25.27	3705	3000	1.43	6899	0	29	2620	0.00	0.05	74.71	53.08	194.17
935	25.26	3703	2999	1.42	6834	0	20	2572	0.00	0.06	74.68	52.93	193.51
934	25.18	3708	2999	1.42	6382	0	16	2193	0.00	0.02	74.79	52.72	193.44
945	25.60	3692	3001	1.43	11943	8	1256	6547	0.00	0.14	74.32	54.06	197.35
936	25.27	3704	3000	1.43	6691	0	49	2415	0.00	0.06	74.70	53.06	195.01
935	25.24	3706	3000	1.43	6800	0	35	2507	0.00	0.11	74.66	53.13	194.25
934	25.21	3704	2998	1.42	6698	1	25	2475	0.00	0.04	74.72	52.84	193.57
936	25.25	3707	3001	1.44	6739	0	15	2484	0.00	0.02	74.78	53.30	196.08
947	25.66	3691	3003	1.42	11948	3	1715	6272	0.00	0.16	74.28	53.94	196.07
934	25.23	3703	2998	1.43	6823	0	46	2660	0.00	0.03	74.71	52.92	194.71
936	25.24	3708	3001	1.42	6808	0	21	2517	0.00	0.01	74.79	52.91	194.50
933	25.17	3709	2998	1.42	6460	0	10	2269	0.00	0.00	74.80	52.80	194.29
934	25.20	3707	2999	1.44	6395	0	24	2184	0.00	0.10	74.69	53.09	195.26
936	25.23	3709	3001	1.43	6580	0	38	2303	0.00	0.15	74.67	53.05	194.21
933	25.20	3702	2996	1.42	6481	1	14	2420	0.00	0.01	74.71	52.78	193.83
950	25.70	3698	3004	1.43	12709	1	1459	7064	0.00	0.24	74.20	54.39	197.16
932	25.36	3674	2985	1.42	8713	0	245	4534	0.00	0.05	74.25	52.82	193.92
947	25.46	3718	3014	1.43	8417	0	470	3690	0.00	0.09	74.83	53.81	196.92
935	25.18	3711	3000	1.44	6441	0	5	2181	0.00	0.00	74.84	53.27	194.54
935	25.23	3707	2999	1.42	6665	0	9	2435	0.00	0.01	74.76	52.88	194.45
945	25.63	3689	3001	1.43	11799	2	1531	6396	0.00	0.20	74.24	54.03	196.93
934	25.18	3710	2999	1.42	6428	0	11	2195	0.00	0.05	74.77	52.84	193.51
936	25.24	3709	3002	1.43	6460	0	14	2181	0.00	0.02	74.80	53.20	194.76
933	25.19	3703	2996	1.43	6829	0	6	2554	0.00	0.00	74.73	52.86	194.74
935	25.19	3711	3000	1.43	6486	0	15	2187	0.00	0.05	74.78	53.00	194.43
948	25.71	3688	3002	1.41	12205	3	1110	6667	0.00	0.15	74.22	54.01	196.72
935	25.22	3709	3001	1.43	6477	0	16	2290	0.00	0.03	74.78	53.07	194.02
933	25.18	3707	2998	1.42	6675	0	3	2445	0.00	0.00	74.78	52.91	193.73
936	25.23	3709	3001	1.43	6588	1	19	2323	0.00	0.05	74.76	53.06	194.22
938	25.37	3698	3002	1.44	7490	1	61	3003	0.00	0.08	74.62	53.32	195.60
933	25.15	3709	2998	1.44	6372	0	7	2165	0.00	0.00	74.81	53.12	195.06
947	25.72	3680	3000	1.42	11508	3	811	6749	0.00	0.13	74.18	54.06	195.94
951	25.74	3696	3004	1.42	16828	3	2115	11664	0.00	0.29	74.11	54.70	197.20
955	25.96	3679	3000	1.41	21051	7	4091	14191	0.00	0.53	73.55	55.01	199.15
938	25.38	3696	3000	1.44	9396	2	344	5096	0.00	0.07	74.58	53.57	196.12
935	25.23	3708	3000	1.41	6542	0	11	2309	0.00	0.04	74.74	52.94	194.05
934	25.18	3711	3000	1.43	6540	0	2	2328	0.00	0.00	74.84	53.12	195.51
937	25.33	3699	3000	1.41	3963	0	5	1671	0.00	0.00	74.70	52.94	194.04
