Avg_MHz	Busy%	Bzy_MHz	TSC_MHz	IPC	IRQ	POLL	C1	C2	POLL%	C1%	C2%	CorWatt	PkgWatt
199	7.38	2699	3000	1.83	73457	37	26290	47354	0.00	2.50	90.29	15.41	145.20
151	6.07	2496	3000	2.14	54719	30	13735	39553	0.00	1.44	92.66	11.82	143.14
116	4.89	2374	3002	2.48	43549	16	7411	36566	0.00	0.86	94.45	8.37	126.07
154	5.70	2705	3002	2.23	42845	9	5388	36042	0.00	0.64	93.86	12.64	132.73
150	5.64	2661	2999	2.20	48881	29	6770	41288	0.00	0.89	93.58	12.71	135.53
153	5.73	2679	3003	2.22	47382	20	6086	42047	0.00	0.77	93.73	12.78	137.37
163	6.46	2529	2997	2.09	55143	25	13231	43473	0.00	1.39	92.24	12.58	141.36
137	5.32	2565	2999	2.32	48742	19	6810	43569	0.00	0.89	93.93	10.98	134.54
165	5.93	2782	3002	2.25	46006	15	5161	39070	0.00	0.65	93.62	13.58	139.55
140	5.53	2533	2999	2.27	54893	20	7276	38617	0.00	1.01	93.60	10.50	131.36
122	4.71	2596	3001	2.54	36822	14	4546	32466	0.00	0.70	94.75	10.02	129.98
129	4.97	2602	3000	2.40	40948	11	5522	31844	0.00	0.58	94.58	10.91	135.83
102	3.94	2600	2998	2.75	31997	11	1969	25313	0.00	0.33	95.80	8.32	125.59
91	3.73	2436	3001	2.99	26420	5	335	23314	0.00	0.05	96.33	6.43	121.87
85	3.33	2548	3001	3.05	25157	4	284	23092	0.00	0.02	96.77	6.24	117.46
108	4.37	2464	2999	2.57	39747	15	3500	36418	0.00	0.52	95.22	8.28	120.25
117	4.38	2671	3000	2.39	39122	21	8139	31640	0.00	0.78	94.96	9.07	132.52
95	3.80	2495	3002	2.87	31440	12	2307	25088	0.00	0.33	96.04	6.96	124.15
122	4.99	2444	3000	2.40	40010	17	6789	33503	0.00	0.93	94.20	9.04	133.45
147	4.90	2999	2999	2.10	50934	26	14052	36113	0.00	1.46	93.72	13.02	140.14
138	5.29	2611	3001	2.19	52319	21	10876	39620	0.00	1.26	93.65	11.78	137.55
153	6.36	2400	2998	2.05	66864	32	19353	48601	0.00	1.97	91.81	11.66	138.97
205	7.23	2839	3002	1.80	80926	42	18346	45064	0.00	1.85	91.16	16.28	156.17
164	6.50	2524	2999	1.81	71583	41	24061	47874	0.00	2.21	91.47	12.94	149.68
151	6.57	2302	2999	2.00	67404	29	19541	46026	0.00	2.00	91.57	10.12	134.54
125	5.91	2110	3002	2.25	58056	23	14053	41167	0.00	1.63	92.70	8.28	121.31
277	9.55	2902	3001	1.70	87435	43	35759	41063	0.00	2.85	87.80	19.81	161.24
242	8.89	2719	3002	1.61	89919	58	44127	48609	0.00	3.48	87.90	17.53	158.88
215	7.33	2930	3000	1.69	76290	45	35522	43812	0.00	3.10	89.73	16.28	155.24
179	7.69	2334	2996	2.01	70394	41	21616	46010	0.00	1.95	90.46	13.35	154.27
186	7.89	2362	3000	1.91	76481	36	17021	54404	0.00	1.68	90.66	14.87	153.27
201	8.11	2481	3002	1.91	68298	32	17464	47736	0.00	1.66	90.50	15.80	156.17
215	8.68	2481	2999	1.86	76507	35	20155	52293	0.00	1.85	89.65	17.06	156.64
259	9.18	2817	3003	1.81	74542	36	18444	46798	0.00	1.84	89.25	20.66	162.17
264	8.72	3026	2999	1.81	67732	21	16067	43731	0.00	1.39	90.01	21.81	164.09
250	8.59	2913	3000	1.86	63425	34	17857	38598	0.00	1.52	90.03	21.47	163.75
153	5.77	2648	3000	2.00	59735	32	14017	45416	0.00	1.33	93.07	12.88	141.07
141	5.88	2396	2999	2.07	58630	33	12511	47366	0.00	1.30	92.97	10.86	142.60
140	6.11	2294	3000	2.17	60428	26	12283	44706	0.00	1.23	92.82	10.26	138.43
122	5.45	2247	3001	2.37	52018	21	10582	37999	0.00	1.12	93.62	9.44	133.10
120	5.34	2249	2998	2.38	49459	19	6600	40168	0.00	0.75	94.03	9.20	126.95
172	6.79	2533	3002	2.12	55167	26	5796	38269	0.00	0.73	92.70	13.25	142.96
125	5.53	2254	2998	2.36	49167	18	9666	37617	0.00	1.02	93.55	9.26	129.86
156	6.24	2507	3001	2.15	54367	32	10777	40336	0.00	1.10	92.85	13.19	141.36
140	5.86	2384	3001	2.34	47886	18	6977	38897	0.00	0.83	93.49	11.46	142.49
156	5.81	2686	3002	2.19	51041	20	10069	38862	0.00	1.01	93.41	13.85	145.19
135	5.58	2419	2997	2.28	53785	30	10695	43187	0.00	1.16	93.35	11.31	136.98
161	6.61	2439	3000	2.27	49787	22	7294	40682	0.00	0.89	92.64	12.33	137.95
227	7.92	2867	3001	1.95	55220	38	17210	38164	0.00	1.73	90.54	19.04	158.46
153	5.95	2569	3000	2.11	59904	50	19518	40400	0.00	1.97	92.24	12.31	151.24
122	5.34	2287	3002	2.44	47746	21	11633	36245	0.00	1.10	93.77	8.75	131.51
216	7.69	2814	2999	2.03	53799	24	4941	41317	0.00	0.65	91.77	16.93	153.91
211	7.03	3006	2999	2.03	45174	24	8390	35801	0.00	0.90	92.17	18.11	157.48
182	6.36	2869	2999	2.09	49696	26	12142	34726	0.00	1.29	92.47	14.95	148.69
125	5.52	2258	3001	2.36	53291	29	15487	36473	0.00	1.55	93.12	9.20	143.31
106	4.36	2424	3000	2.60	41216	19	5332	35045	0.00	0.65	95.13	8.10	130.68
115	4.81	2396	2999	2.63	38474	16	3817	31474	0.00	0.54	94.75	8.12	127.37
104	4.40	2361	3001	2.71	37962	16	3155	32288	0.00	0.48	95.26	7.66	126.84
119	4.37	2713	3000	2.34	44083	14	5504	38338	0.00	0.74	95.03	10.97	137.74
120	4.41	2732	2999	2.31	52239	32	10593	40567	0.00	1.29	94.43	10.60	134.65
105	4.66	2247	3000	2.63	46802	22	8384	36437	0.00	1.07	94.45	7.46	122.15
136	5.21	2615	3000	2.20	54850	18	12715	42272	0.00	1.48	93.45	10.89	144.01
126	5.74	2200	3004	2.28	59506	41	18080	41719	0.00	2.16	92.43	9.26	138.92
115	5.01	2294	2997	2.40	49140	30	12716	35279	0.00	1.47	93.59	8.67	135.00
114	5.17	2207	2998	2.52	48090	18	12074	34263	0.00	1.31	93.63	8.33	133.64
105	4.15	2534	3001	2.62	39953	19	6123	31714	0.00	0.77	95.25	9.41	128.52
89	3.26	2729	3001	2.96	26875	17	2478	22852	0.00	0.44	96.41	8.63	125.98
115	4.61	2493	2997	2.47	41768	34	11781	32032	0.00	1.21	94.23	9.17	127.82
199	6.65	2993	3002	1.96	58178	43	16009	33844	0.00	1.63	91.92	15.47	153.49
135	4.74	2857	2998	2.31	43576	25	5961	34635	0.00	0.93	94.38	11.67	132.62
114	4.46	2551	3001	2.54	39511	12	4732	32273	0.00	0.70	95.01	9.33	130.57
110	4.31	2559	2999	2.64	29599	14	1052	25495	0.00	0.21	95.54	8.77	128.08
88	3.28	2693	3001	2.99	25251	12	1367	23332	0.00	0.32	96.51	8.04	124.66
79	2.84	2777	3000	3.18	17175	8	532	16081	0.00	0.17	97.06	6.96	123.31
70	2.32	3022	3000	3.53	11763	4	188	11083	0.00	0.11	97.62	6.44	118.16
70	2.32	2998	2999	3.52	11879	2	215	11320	0.00	0.10	97.59	6.22	117.77
70	2.33	2998	3001	3.54	11221	3	205	10524	0.00	0.07	97.68	6.23	118.02
82	2.76	2970	3005	3.09	13413	3	1926	11593	0.00	0.27	97.19	7.15	121.68
