nprobe=1         0.0703 0.1019 0.1047    0.171    0.00
nprobe=2         0.1046 0.1595 0.1657    0.196    0.00
nprobe=4         0.1431 0.2283 0.2393    0.228    0.00
nprobe=8         0.1798 0.3008 0.3177    0.266    0.00
nprobe=16        0.2231 0.3942 0.4179    0.317    0.00
nprobe=32        0.2590 0.4816 0.5146    0.405    0.00
nprobe=64        0.2898 0.5659 0.6107    0.565    0.00
nprobe=128       0.3154 0.6435 0.7018    0.830    0.00
nprobe=256       0.3364 0.7076 0.7828    1.322    0.00
nprobe=512       0.3458 0.7544 0.8463    2.243    0.00
nprobe=1024      0.3538 0.7894 0.8988    3.561    0.00
nprobe=2048      0.3589 0.8112 0.9357    6.110    0.00
nprobe=4096      0.3625 0.8254 0.9623   10.674    0.00
nprobe=8192      0.3626 0.8328 0.9767   18.944    0.00
nprobe=16384     0.3629 0.8367 0.9857   34.240    0.00
nprobe=32768     0.3631 0.8379 0.9896   62.614    0.00
nprobe=65536     0.3630 0.8384 0.9919  116.223    0.00
nprobe=131072    0.3629 0.8387 0.9925  219.947    0.00
nprobe=262144    0.3629 0.8388 0.9928  413.695    0.00