nprobe=1         0.0665 0.1371 0.1659    0.093    0.00
nprobe=2         0.0852 0.1937 0.2470    0.126    0.00
nprobe=4         0.1044 0.2571 0.3412    0.180    0.00
nprobe=8         0.1182 0.3175 0.4408    0.262    0.00
nprobe=16        0.1273 0.3680 0.5376    0.392    0.00
nprobe=32        0.1356 0.4114 0.6274    0.615    0.00
nprobe=64        0.1405 0.4361 0.6962    0.960    0.00
nprobe=128       0.1436 0.4530 0.7510    1.542    0.00
nprobe=256       0.1455 0.4659 0.7910    2.447    0.00
nprobe=512       0.1464 0.4724 0.8142    3.972    0.00
nprobe=1024      0.1463 0.4749 0.8278    6.512    0.00
nprobe=2048      0.1466 0.4770 0.8352   10.797    0.00
nprobe=4096      0.1466 0.4775 0.8381   18.048    0.00
nprobe=8192      0.1466 0.4774 0.8388   30.417    0.00
nprobe=16384     0.1466 0.4774 0.8390   51.951    0.00
nprobe=32768     0.1466 0.4774 0.8391   89.555    0.00
nprobe=65536     0.1466 0.4774 0.8391  156.123    0.00