nprobe=1         0.1044 0.1628 0.1731    0.134    0.00
nprobe=2         0.1451 0.2440 0.2600    0.188    0.00
nprobe=4         0.1884 0.3345 0.3607    0.274    0.00
nprobe=8         0.2257 0.4295 0.4675    0.427    0.00
nprobe=16        0.2567 0.5187 0.5738    0.697    0.00
nprobe=32        0.2836 0.6002 0.6766    1.069    0.00
nprobe=64        0.3017 0.6626 0.7614    1.647    0.00
nprobe=128       0.3130 0.7126 0.8350    2.664    0.00
nprobe=256       0.3227 0.7520 0.8940    4.229    0.00
nprobe=512       0.3265 0.7749 0.9335    6.862    0.00
nprobe=1024      0.3288 0.7887 0.9605   11.190    0.00
nprobe=2048      0.3300 0.7954 0.9749   18.349    0.00
nprobe=4096      0.3305 0.7980 0.9818   30.646    0.00
nprobe=8192      0.3305 0.7987 0.9849   51.635    0.00
nprobe=16384     0.3305 0.7994 0.9859   87.946    0.00
nprobe=32768     0.3305 0.7996 0.9861  151.215    0.00
nprobe=65536     0.3305 0.7996 0.9861  261.334    0.00