nprobe=1         0.0517 0.0904 0.1022    0.226    0.00
nprobe=2         0.0725 0.1381 0.1612    0.251    0.00
nprobe=4         0.0936 0.1958 0.2323    0.252    0.00
nprobe=8         0.1121 0.2519 0.3085    0.288    0.00
nprobe=16        0.1307 0.3178 0.4054    0.333    0.00
nprobe=32        0.1459 0.3774 0.4985    0.428    0.00
nprobe=64        0.1562 0.4284 0.5883    0.534    0.00
nprobe=128       0.1635 0.4690 0.6715    0.759    0.00
nprobe=256       0.1685 0.5024 0.7430    1.161    0.00
nprobe=512       0.1711 0.5218 0.7952    1.842    0.00
nprobe=1024      0.1731 0.5351 0.8343    3.052    0.00
nprobe=2048      0.1732 0.5412 0.8604    5.122    0.00
nprobe=4096      0.1734 0.5448 0.8766    8.898    0.00
nprobe=8192      0.1732 0.5457 0.8839   15.727    0.00
nprobe=16384     0.1733 0.5465 0.8872   30.781    0.00
nprobe=32768     0.1734 0.5468 0.8885   54.991    0.00
nprobe=65536     0.1734 0.5467 0.8886   97.164    0.00
nprobe=131072    0.1734 0.5467 0.8888  169.649    0.00
nprobe=262144    0.1734 0.5467 0.8888  289.756    0.00