nprobe=1         0.0922 0.2417 0.3312    0.496    0.00
nprobe=2         0.1077 0.3109 0.4588    0.605    0.00
nprobe=4         0.1215 0.3663 0.5810    0.876    0.00
nprobe=8         0.1290 0.4028 0.6769    1.390    0.00
nprobe=16        0.1331 0.4201 0.7426    2.408    0.00
nprobe=32        0.1339 0.4293 0.7735    4.382    0.00
nprobe=64        0.1342 0.4318 0.7891    8.217    0.00
nprobe=128       0.1345 0.4328 0.7944   15.766    0.00
nprobe=256       0.1345 0.4329 0.7955   30.534    0.00
nprobe=512       0.1345 0.4329 0.7961   59.396    0.00
nprobe=1024      0.1345 0.4329 0.7962  115.691    0.00