nprobe=1         0.1740 0.3223 0.3465    0.602    0.00
nprobe=2         0.2180 0.4442 0.4892    0.810    0.00
nprobe=4         0.2544 0.5634 0.6370    1.276    0.00
nprobe=8         0.2800 0.6570 0.7658    2.171    0.00
nprobe=16        0.2972 0.7245 0.8676    3.902    0.00
nprobe=32        0.3039 0.7577 0.9250    7.308    0.00
nprobe=64        0.3068 0.7729 0.9584   14.020    0.00
nprobe=128       0.3084 0.7798 0.9742   27.180    0.00
nprobe=256       0.3090 0.7816 0.9784   52.809    0.00
nprobe=512       0.3092 0.7824 0.9803  102.864    0.00
nprobe=1024      0.3093 0.7828 0.9810  199.854    0.00