nprobe=1         0.1770 0.3219 0.3445    0.578    0.00
nprobe=2         0.2260 0.4461 0.4894    0.812    0.00
nprobe=4         0.2645 0.5651 0.6352    1.258    0.00
nprobe=8         0.2910 0.6644 0.7646    2.149    0.00
nprobe=16        0.3091 0.7307 0.8650    3.888    0.00
nprobe=32        0.3172 0.7678 0.9266    7.283    0.00
nprobe=64        0.3211 0.7847 0.9600   13.972    0.00
nprobe=128       0.3228 0.7923 0.9781   27.096    0.00
nprobe=256       0.3229 0.7936 0.9832   52.699    0.00
nprobe=512       0.3229 0.7943 0.9854  102.714    0.00
nprobe=1024      0.3229 0.7946 0.9859  200.421    0.00