nprobe=1         0.0985 0.2522 0.3363    0.498    0.00
nprobe=2         0.1139 0.3232 0.4661    0.623    0.00
nprobe=4         0.1292 0.3797 0.5919    0.891    0.00
nprobe=8         0.1374 0.4236 0.6949    1.409    0.00
nprobe=16        0.1407 0.4450 0.7671    2.415    0.00
nprobe=32        0.1418 0.4514 0.7990    4.387    0.00
nprobe=64        0.1420 0.4548 0.8150    8.220    0.00
nprobe=128       0.1425 0.4565 0.8224   15.748    0.00
nprobe=256       0.1425 0.4562 0.8242   30.448    0.00
nprobe=512       0.1425 0.4563 0.8245   59.072    0.00
nprobe=1024      0.1425 0.4563 0.8247  114.651    0.00