Preparing dataset SIFT100M
sizes: B (100000000, 128) Q (10000, 128) T (100000000, 128) gt (10000, 1000)
loading ./trained_CPU_indexes/bench_cpu_SIFT100M_IMI2x13,PQ16/SIFT100M_IMI2x13,PQ16_populated.index
         	 R@1    R@10   R@100     time    %pass
nprobe=1 	 0.0742 0.0999 0.1028    0.117    0.00
nprobe=2 	 0.1128 0.1564 0.1611    0.125    0.00
nprobe=4 	 0.1534 0.2228 0.2295    0.145    0.00
nprobe=8 	 0.1977 0.3038 0.3131    0.175    0.00
nprobe=16 	 0.2437 0.3928 0.4052    0.217    0.00
nprobe=32 	 0.2860 0.4842 0.5020    0.283    0.00
nprobe=64 	 0.3213 0.5756 0.6007    0.393    0.00
nprobe=128 	 0.3527 0.6546 0.6905    0.577    0.00
nprobe=256 	 0.3730 0.7261 0.7740    0.867    0.00
nprobe=512 	 0.3903 0.7820 0.8440    1.372    0.00
nprobe=1024 	 0.4008 0.8237 0.8999    2.284    0.00
nprobe=2048 	 0.4068 0.8513 0.9410    3.905    0.00
nprobe=4096 	 0.4103 0.8667 0.9675    6.828    0.00
nprobe=8192 	 0.4112 0.8750 0.9828   12.303    0.00
nprobe=16384 	 0.4116 0.8784 0.9903   22.703    0.00
nprobe=32768 	 0.4117 0.8799 0.9943   44.292    0.00
