Preparing dataset SIFT100M
sizes: B (100000000, 128) Q (10000, 128) T (100000000, 128) gt (10000, 1000)
loading ./trained_CPU_indexes/bench_cpu_SIFT100M_IMI2x14,PQ16/SIFT100M_IMI2x14,PQ16_populated.index
         	 R@1    R@10   R@100     time    %pass
nprobe=1 	 0.0549 0.0693 0.0709    0.194    0.00
nprobe=2 	 0.0903 0.1174 0.1201    0.221    0.00
nprobe=4 	 0.1284 0.1734 0.1776    0.245    0.00
nprobe=8 	 0.1668 0.2378 0.2438    0.286    0.00
nprobe=16 	 0.2090 0.3138 0.3221    0.336    0.00
nprobe=32 	 0.2525 0.3982 0.4089    0.430    0.00
nprobe=64 	 0.2955 0.4852 0.4990    0.614    0.00
nprobe=128 	 0.3329 0.5745 0.5939    0.829    0.00
nprobe=256 	 0.3625 0.6564 0.6821    1.158    0.00
nprobe=512 	 0.3865 0.7280 0.7657    1.636    0.00
nprobe=1024 	 0.3998 0.7854 0.8345    2.400    0.00
nprobe=2048 	 0.4098 0.8306 0.8927    3.713    0.00
nprobe=4096 	 0.4141 0.8577 0.9312    6.068    0.00
nprobe=8192 	 0.4167 0.8775 0.9600   10.555    0.00
nprobe=16384 	 0.4186 0.8884 0.9779   19.071    0.00
nprobe=32768 	 0.4195 0.8940 0.9900   35.171    0.00
nprobe=65536 	 0.4196 0.8958 0.9950   65.719    0.00
