Preparing dataset SIFT100M
sizes: B (100000000, 128) Q (10000, 128) T (100000000, 128) gt (10000, 1000)
loading ./trained_CPU_indexes/bench_cpu_SIFT100M_IMI2x9,PQ16/SIFT100M_IMI2x9,PQ16_populated.index
         	 R@1    R@10   R@100     time    %pass
nprobe=1 	 0.1454 0.2455 0.2600    0.187    0.00
nprobe=2 	 0.1989 0.3624 0.3876    0.314    0.00
nprobe=4 	 0.2412 0.4724 0.5129    0.430    0.00
nprobe=8 	 0.2811 0.5758 0.6338    0.640    0.00
nprobe=16 	 0.3105 0.6641 0.7427    0.975    0.00
nprobe=32 	 0.3291 0.7339 0.8338    1.501    0.00
nprobe=64 	 0.3414 0.7770 0.8998    2.359    0.00
nprobe=128 	 0.3478 0.8044 0.9435    3.762    0.00
nprobe=256 	 0.3505 0.8179 0.9684    6.086    0.00
nprobe=512 	 0.3513 0.8253 0.9830   10.011    0.00
nprobe=1024 	 0.3520 0.8281 0.9887   16.677    0.00
nprobe=2048 	 0.3523 0.8289 0.9903   28.070    0.00
