Preparing dataset SIFT100M
sizes: B (100000000, 128) Q (10000, 128) T (100000000, 128) gt (10000, 1000)
loading ./trained_CPU_indexes/bench_cpu_SIFT100M_IMI2x11,PQ16/SIFT100M_IMI2x11,PQ16_populated.index
         	 R@1    R@10   R@100     time    %pass
nprobe=1 	 0.1169 0.1704 0.1755    0.073    0.00
nprobe=2 	 0.1571 0.2532 0.2629    0.088    0.00
nprobe=4 	 0.2088 0.3543 0.3700    0.126    0.00
nprobe=8 	 0.2528 0.4517 0.4757    0.176    0.00
nprobe=16 	 0.2948 0.5491 0.5839    0.253    0.00
nprobe=32 	 0.3267 0.6355 0.6837    0.379    0.00
nprobe=64 	 0.3479 0.7067 0.7733    0.574    0.00
nprobe=128 	 0.3637 0.7632 0.8501    0.901    0.00
nprobe=256 	 0.3718 0.7996 0.9055    1.442    0.00
nprobe=512 	 0.3788 0.8263 0.9456    2.385    0.00
nprobe=1024 	 0.3811 0.8411 0.9699    3.973    0.00
nprobe=2048 	 0.3828 0.8485 0.9839    6.775    0.00
nprobe=4096 	 0.3833 0.8532 0.9911   11.844    0.00
nprobe=8192 	 0.3832 0.8540 0.9931   21.106    0.00
