Preparing dataset SIFT100M
sizes: B (100000000, 128) Q (10000, 128) T (100000000, 128) gt (10000, 1000)
loading ./trained_CPU_indexes/bench_cpu_SIFT100M_IMI2x12,PQ16/SIFT100M_IMI2x12,PQ16_populated.index
         	 R@1    R@10   R@100     time    %pass
nprobe=1 	 0.0921 0.1289 0.1316    0.087    0.00
nprobe=2 	 0.1346 0.1993 0.2049    0.088    0.00
nprobe=4 	 0.1793 0.2835 0.2930    0.114    0.00
nprobe=8 	 0.2239 0.3767 0.3910    0.142    0.00
nprobe=16 	 0.2673 0.4725 0.4925    0.190    0.00
nprobe=32 	 0.3033 0.5618 0.5923    0.275    0.00
nprobe=64 	 0.3336 0.6466 0.6902    0.402    0.00
nprobe=128 	 0.3575 0.7211 0.7796    0.611    0.00
nprobe=256 	 0.3740 0.7784 0.8530    0.978    0.00
nprobe=512 	 0.3851 0.8201 0.9084    1.626    0.00
nprobe=1024 	 0.3904 0.8425 0.9426    2.729    0.00
nprobe=2048 	 0.3943 0.8583 0.9672    4.717    0.00
nprobe=4096 	 0.3966 0.8669 0.9832    8.363    0.00
nprobe=8192 	 0.3968 0.8702 0.9912   15.145    0.00
nprobe=16384 	 0.3968 0.8712 0.9933   27.895    0.00
