Preparing dataset SIFT100M
sizes: B (100000000, 128) Q (10000, 128) T (100000000, 128) gt (10000, 1000)
loading ./trained_CPU_indexes/bench_cpu_SIFT100M_IMI2x10,PQ16/SIFT100M_IMI2x10,PQ16_populated.index
         	 R@1    R@10   R@100     time    %pass
nprobe=1 	 0.1299 0.2017 0.2099    0.096    0.00
nprobe=2 	 0.1836 0.3028 0.3186    0.167    0.00
nprobe=4 	 0.2315 0.4086 0.4344    0.237    0.00
nprobe=8 	 0.2714 0.5135 0.5522    0.324    0.00
nprobe=16 	 0.3024 0.6076 0.6619    0.467    0.00
nprobe=32 	 0.3243 0.6844 0.7575    0.709    0.00
nprobe=64 	 0.3422 0.7483 0.8394    1.081    0.00
nprobe=128 	 0.3558 0.7916 0.9008    1.673    0.00
nprobe=256 	 0.3626 0.8178 0.9435    2.703    0.00
nprobe=512 	 0.3662 0.8313 0.9694    4.452    0.00
nprobe=1024 	 0.3663 0.8364 0.9826    7.403    0.00
nprobe=2048 	 0.3670 0.8402 0.9895   12.565    0.00
nprobe=4096 	 0.3673 0.8417 0.9922   21.562    0.00
